0.01787000 0.02993859
0.04509000 0.03052483
0.07230000 0.03110776
0.09951000 0.03168456
0.12672000 0.03225335
0.15393000 0.03281590
0.18114000 0.03337596
0.20836000 0.03393563
0.23557000 0.03449359
0.26278000 0.03504696
0.28999000 0.03559459
0.31720000 0.03613872
0.34441000 0.03668293
0.37163000 0.03722913
0.39884000 0.03777603
0.42605000 0.03832053
0.45326000 0.03886067
0.48047000 0.03939747
0.50768000 0.03993405
0.53489000 0.04047333
0.56211000 0.04101582
0.58932000 0.04155952
0.61653000 0.04210175
0.64374000 0.04264146
0.67095000 0.04318015
0.69816000 0.04372078
0.72537000 0.04426564
0.75259000 0.04481493
0.77980000 0.04536689
0.80701000 0.04591925
0.83422000 0.04647104
0.86143000 0.04702341
0.88864000 0.04757882
0.91586000 0.04813943
0.94307000 0.04870601
0.97028000 0.04927765
0.99749000 0.04985265
1.02470000 0.05042967
1.05191000 0.05100876
1.07913000 0.05159139
1.10634000 0.05217952
1.13355000 0.05277459
1.16076000 0.05337690
1.18797000 0.05398573
1.21518000 0.05459993
1.24240000 0.05521879
1.26961000 0.05584266
1.29682000 0.05647292
1.32403000 0.05711120
1.35124000 0.05775863
1.37845000 0.05841557
1.40567000 0.05908170
1.43288000 0.05975650
1.46009000 0.06043970
1.48730000 0.06113166
1.51451000 0.06183335
1.54172000 0.06254604
1.56894000 0.06327072
1.59615000 0.06400804
1.62336000 0.06475826
1.65057000 0.06552152
1.67778000 0.06629801
1.70499000 0.06708816
1.73220000 0.06789259
1.75942000 0.06871200
1.78663000 0.06954708
1.81384000 0.07039857
1.84105000 0.07126735
1.86826000 0.07215455
1.89547000 0.07306152
1.92269000 0.07398956
1.94990000 0.07493982
1.97711000 0.07591307
2.00432000 0.07690976
2.03153000 0.07793039
2.05874000 0.07897573
2.08596000 0.08004716
2.11317000 0.08114683
2.14038000 0.08227729
2.16759000 0.08344096
2.19480000 0.08463936
2.22201000 0.08587309
2.24922000 0.08714245
2.27644000 0.08844808
2.30365000 0.08979157
2.33086000 0.09117594
2.35807000 0.09260561
2.38528000 0.09408582
2.41249000 0.09562093
2.43971000 0.09721352
2.46692000 0.09886438
2.49413000 0.10057385
2.52134000 0.10234310
2.54855000 0.10417527
2.57576000 0.10607623
2.60298000 0.10805459
2.63019000 0.11012017
2.65740000 0.11228121
2.68461000 0.11454264
2.71182000 0.11690672
2.73903000 0.11937533
2.76625000 0.12195255
2.79346000 0.12464619
2.82067000 0.12746911
2.84788000 0.13043872
2.87509000 0.13357431
2.90230000 0.13689251
2.92952000 0.14040495
2.95673000 0.14412005
2.98394000 0.14804760
3.01115000 0.15220290
3.03836000 0.15661053
3.06557000 0.16130561
3.09278000 0.16633268
3.12000000 0.17173947
3.14721000 0.17757061
3.17442000 0.18386623
3.20163000 0.19066837
3.22884000 0.19803123
3.25605000 0.20603366
3.28327000 0.21479276
3.31048000 0.22447346
3.33769000 0.23528658
3.36490000 0.24749388
3.39211000 0.26143560
3.41932000 0.27761191
3.44654000 0.29674375
3.47375000 0.31975493
3.50096000 0.34722415
3.52817000 0.37847406
3.55538000 0.41110659
3.58259000 0.44189873
3.60980000 0.46915472
3.63702000 0.49396223
3.66423000 0.52072060
3.69144000 0.55535239
3.71865000 0.60184234
3.74586000 0.65829003
3.77307000 0.71611184
3.80029000 0.76491123
3.82750000 0.79921752
3.85471000 0.82064694
3.88192000 0.83441180
3.90913000 0.84512132
3.93634000 0.85526478
3.96356000 0.86565894
3.99077000 0.87663132
4.01798000 0.88806289
4.04519000 0.89992863
4.07240000 0.91224808
4.09961000 0.92539001
4.12683000 0.94027966
4.15404000 0.95961833
4.18125000 0.98869544
4.20846000 1.03427327
4.23567000 1.10071790
4.26288000 1.18585646
4.29010000 1.28103793
4.31731000 1.37610710
4.34452000 1.46472180
4.37173000 1.54581332
4.39894000 1.62156689
4.42615000 1.69508934
4.45337000 1.76824760
4.48058000 1.83983755
4.50779000 1.90420401
4.53500000 1.95237815
4.56221000 1.97574008
4.58942000 1.96987212
4.61663000 1.93683314
4.64385000 1.88414454
4.67106000 1.82320631
4.69827000 1.76724553
4.72548000 1.72898030
4.75269000 1.71669233
4.77990000 1.72930408
4.80712000 1.75594747
4.83433000 1.78234732
4.86154000 1.79840314
4.88875000 1.80110335
4.91596000 1.79201496
4.94317000 1.77427959
4.97039000 1.75207305
4.99760000 1.73231673
5.02481000 1.72624218
5.05202000 1.74797499
5.07923000 1.80794656
5.10644000 1.90462649
5.13365000 2.02266550
5.16087000 2.14146972
5.18808000 2.24722385
5.21529000 2.33761644
5.24250000 2.41711450
5.26971000 2.49049258
5.29692000 2.55933213
5.32414000 2.62138200
5.35135000 2.67228532
5.37856000 2.70902038
5.40577000 2.73519969
5.43298000 2.76268315
5.46019000 2.80765581
5.48741000 2.88320255
5.51462000 2.99276614
5.54183000 3.12462568
5.56904000 3.25270391
5.59625000 3.34836292
5.62346000 3.39966154
5.65068000 3.42256689
5.67789000 3.45199275
5.70510000 3.51809692
5.73231000 3.63392639
5.75952000 3.78632522
5.78673000 3.92936230
5.81394000 3.99374962
5.84116000 3.92367101
5.86837000 3.72125626
5.89558000 3.44827056
5.92279000 3.17697501
5.95000000 2.94633722
5.97721000 2.76138091
6.00443000 2.61532426
6.03164000 2.50330210
6.05885000 2.42421556
6.08606000 2.37526131
6.11327000 2.35461044
6.14048000 2.36185884
6.16770000 2.40047097
6.19491000 2.47919297
6.22212000 2.60405660
6.24933000 2.76704717
6.27654000 2.94399261
6.30375000 3.10693645
6.33096000 3.23948884
6.35818000 3.34116697
6.38539000 3.41574717
6.41260000 3.46148252
6.43981000 3.47149801
6.46702000 3.44289136
6.49423000 3.38362098
6.52145000 3.30759692
6.54866000 3.22705722
6.57587000 3.15008211
6.60308000 3.08283949
6.63029000 3.03054881
6.65750000 2.99626422
6.68472000 2.98082519
6.71193000 2.98341799
6.73914000 3.00420094
6.76635000 3.04380131
6.79356000 3.10393357
6.82077000 3.18801641
6.84799000 3.30218673
6.87520000 3.45727110
6.90241000 3.66965747
6.92962000 3.95912194
6.95683000 4.33510160
6.98404000 4.76560974
7.01126000 5.15274525
7.03847000 5.35187101
7.06568000 5.24330091
7.09289000 4.81180096
7.12010000 4.14877367
7.14731000 3.38481307
7.17452000 2.62081814
7.20174000 1.91840315
7.22895000 1.32706738
7.25616000 0.88963085
7.28337000 0.61669374
7.31058000 0.47561121
7.33779000 0.41421390
7.36501000 0.38941014
7.39222000 0.37780693
7.41943000 0.37095001
7.44664000 0.36447510
7.47385000 0.35812783
7.50106000 0.35197410
7.52828000 0.34624922
7.55549000 0.34103790
7.58270000 0.33616713
7.60991000 0.33142510
7.63712000 0.32675603
7.66433000 0.32225972
7.69154000 0.31801748
7.71876000 0.31396762
7.74597000 0.30996725
7.77318000 0.30593464
7.80039000 0.30193365
7.82760000 0.29811344
7.85481000 0.29456171
7.88203000 0.29122868
7.90924000 0.28797016
7.93645000 0.28467137
7.96366000 0.28133687
7.99087000 0.27807930
8.01808000 0.27502093
8.04530000 0.27220383
8.07251000 0.26956102
8.09972000 0.26696485
8.12693000 0.26430601
8.15414000 0.26156184
8.18135000 0.25880912
8.20857000 0.25617248
8.23578000 0.25373936
8.26299000 0.25151059
8.29020000 0.24940932
8.31741000 0.24732544
8.34462000 0.24516745
8.37183000 0.24290775
8.39905000 0.24059980
8.42626000 0.23834988
8.45347000 0.23625176
8.48068000 0.23433740
8.50789000 0.23257506
8.53510000 0.23089401
8.56232000 0.22921139
8.58953000 0.22745728
8.61674000 0.22560178
8.64395000 0.22367647
8.67116000 0.22176126
8.69837000 0.21993992
8.72559000 0.21825837
8.75280000 0.21671396
8.78001000 0.21527185
8.80722000 0.21388574
8.83443000 0.21250607
8.86164000 0.21108344
8.88886000 0.20958252
8.91607000 0.20800318
8.94328000 0.20638983
8.97049000 0.20481052
8.99770000 0.20331953
9.02491000 0.20193563
9.05213000 0.20064883
9.07934000 0.19943658
9.10655000 0.19827418
9.13376000 0.19713113
9.16097000 0.19596817
9.18818000 0.19474745
9.21540000 0.19345199
9.24261000 0.19210218
9.26982000 0.19074886
9.29703000 0.18944530
9.32424000 0.18822289
9.35145000 0.18708652
9.37866000 0.18602456
9.40588000 0.18501866
9.43309000 0.18404870
9.46030000 0.18309101
9.48751000 0.18211822
9.51472000 0.18110307
9.54193000 0.18003128
9.56915000 0.17891514
9.59636000 0.17779225
9.62357000 0.17670622
9.65078000 0.17568506
9.67799000 0.17473415
9.70520000 0.17384309
9.73242000 0.17299666
9.75963000 0.17218193
9.78684000 0.17139055
9.81405000 0.17061840
9.84126000 0.16986033
9.86847000 0.16910593
9.89569000 0.16834354
9.92290000 0.16757239
9.95011000 0.16681293
9.97732000 0.16610187
10.00453000 0.16547674
10.03174000 0.16496265
10.05895000 0.16455780
10.08617000 0.16423017
10.11338000 0.16391680
10.14059000 0.16354074
10.16780000 0.16303538
10.19501000 0.16236420
10.22222000 0.16152722
10.24944000 0.16055429
10.27665000 0.15949067
10.30386000 0.15838499
10.33107000 0.15728025
10.35828000 0.15620241
10.38549000 0.15515147
10.41271000 0.15411371
10.43992000 0.15307872
10.46713000 0.15205149
10.49434000 0.15103997
10.52155000 0.15004402
10.54876000 0.14905848
10.57597000 0.14808099
10.60319000 0.14711255
10.63040000 0.14614859
10.65761000 0.14517516
10.68482000 0.14417426
10.71203000 0.14313339
10.73924000 0.14205377
10.76646000 0.14095291
10.79367000 0.13985731
10.82088000 0.13879007
10.84809000 0.13776067
10.87530000 0.13676327
10.90251000 0.13578302
10.92973000 0.13480408
10.95694000 0.13381602
10.98415000 0.13281776
11.01136000 0.13181530
11.03857000 0.13081513
11.06578000 0.12981722
11.09300000 0.12881185
11.12021000 0.12778421
11.14742000 0.12672488
11.17463000 0.12564018
11.20184000 0.12455288
11.22905000 0.12348887
11.25626000 0.12246021
11.28348000 0.12146054
11.31069000 0.12047354
11.33790000 0.11948366
11.36511000 0.11848024
11.39232000 0.11745673
11.41953000 0.11641221
11.44675000 0.11535449
11.47396000 0.11429994
11.50117000 0.11326598
11.52838000 0.11226051
11.55559000 0.11127637
11.58280000 0.11029462
11.61002000 0.10929482
11.63723000 0.10826532
11.66444000 0.10720719
11.69165000 0.10613034
11.71886000 0.10504605
11.74607000 0.10396215
11.77328000 0.10288450
11.80050000 0.10182079
11.82771000 0.10077961
11.85492000 0.09976524
11.88213000 0.09877354
11.90934000 0.09779306
11.93655000 0.09681006
11.96377000 0.09581354
11.99098000 0.09479789
12.01819000 0.09376197
12.04540000 0.09270653
12.07261000 0.09163276
12.09982000 0.09054366
12.12704000 0.08944497
12.15425000 0.08834446
12.18146000 0.08725073
12.20867000 0.08617207
12.23588000 0.08511508
12.26309000 0.08408178
12.29031000 0.08307047
12.31752000 0.08217809
12.34473000 0.08164940
12.37194000 0.08214974
12.39915000 0.08489075
12.42636000 0.09128451
12.45358000 0.10195135
12.48079000 0.11585053
12.50800000 0.13058707
12.53521000 0.14380194
12.56242000 0.15433478
12.58963000 0.16224223
12.61684000 0.16810441
12.64406000 0.17250897
12.67127000 0.17586766
12.69848000 0.17850411
12.72569000 0.18058985
12.75290000 0.18221702
12.78011000 0.18346232
12.80733000 0.18443836
12.83454000 0.18522915
12.86175000 0.18583637
12.88896000 0.18624797
12.91617000 0.18651864
12.94338000 0.18673301
12.97060000 0.18689936
12.99781000 0.18692030
13.02502000 0.18673727
13.05223000 0.18641904
13.07944000 0.18610774
13.10665000 0.18586358
13.13387000 0.18559290
13.16108000 0.18513554
13.18829000 0.18442661
13.21550000 0.18356347
13.24271000 0.18271701
13.26992000 0.18199453
13.29714000 0.18136872
13.32435000 0.18070820
13.35156000 0.17986953
13.37877000 0.17879450
13.40598000 0.17756423
13.43319000 0.17640418
13.46040000 0.17556301
13.48762000 0.17517839
13.51483000 0.17519118
13.54204000 0.17541729
13.56925000 0.17573529
13.59646000 0.17624372
13.62367000 0.17717732
13.65089000 0.17863785
13.67810000 0.18036999
13.70531000 0.18181807
13.73252000 0.18246426
13.75973000 0.18213989
13.78694000 0.18102965
13.81416000 0.17946778
13.84137000 0.17771558
13.86858000 0.17592463
13.89579000 0.17420159
13.92300000 0.17265558
13.95021000 0.17134756
13.97743000 0.17024112
14.00464000 0.16920425
14.03185000 0.16809292
14.05906000 0.16684635
14.08627000 0.16550711
14.11348000 0.16417684
14.14069000 0.16294523
14.16791000 0.16184604
14.19512000 0.16086796
14.22233000 0.15998313
14.24954000 0.15916738
14.27675000 0.15839142
14.30396000 0.15761428
14.33118000 0.15678290
14.35839000 0.15585244
14.38560000 0.15480714
14.41281000 0.15368375
14.44002000 0.15257487
14.46723000 0.15158479
14.49445000 0.15075253
14.52166000 0.15001506
14.54887000 0.14925137
14.57608000 0.14838679
14.60329000 0.14745329
14.63050000 0.14655197
14.65771000 0.14575855
14.68493000 0.14507955
14.71214000 0.14448543
14.73935000 0.14395888
14.76656000 0.14353265
14.79377000 0.14325088
14.82099000 0.14309181
14.84820000 0.14291811
14.87541000 0.14253373
14.90262000 0.14183742
14.92983000 0.14091067
14.95704000 0.13993743
14.98425000 0.13905632
15.01147000 0.13829955
15.03868000 0.13763258
15.06589000 0.13701160
15.09310000 0.13641295
15.12031000 0.13582157
15.14752000 0.13523582
15.17473000 0.13466150
15.20195000 0.13410741
15.22916000 0.13358174
15.25637000 0.13308899
15.28358000 0.13262868
15.31079000 0.13219523
15.33801000 0.13177758
15.36522000 0.13136153
15.39243000 0.13093534
15.41964000 0.13049363
15.44685000 0.13003664
15.47406000 0.12956595
15.50127000 0.12908252
15.52849000 0.12858842
15.55570000 0.12808964
15.58291000 0.12759557
15.61012000 0.12711608
15.63733000 0.12665929
15.66454000 0.12625878
15.69176000 0.12600398
15.71897000 0.12611407
15.74618000 0.12701200
15.77339000 0.12927957
15.80060000 0.13338691
15.82781000 0.13933222
15.85503000 0.14648621
15.88224000 0.15385345
15.90945000 0.16058004
15.93666000 0.16630217
15.96387000 0.17119865
15.99108000 0.17570379
16.01830000 0.18000706
16.04551000 0.18375915
16.07272000 0.18621497
16.09993000 0.18679647
16.12714000 0.18555236
16.15435000 0.18311675
16.18156000 0.18023919
16.20878000 0.17739923
16.23599000 0.17473768
16.26320000 0.17224425
16.29041000 0.17002888
16.31762000 0.16844273
16.34483000 0.16793123
16.37205000 0.16875805
16.39926000 0.17075129
16.42647000 0.17339048
16.45368000 0.17614692
16.48089000 0.17875989
16.50810000 0.18126784
16.53532000 0.18381496
16.56253000 0.18649067
16.58974000 0.18923034
16.61695000 0.19183022
16.64416000 0.19405159
16.67137000 0.19574061
16.69858000 0.19690020
16.72580000 0.19763562
16.75301000 0.19809212
16.78022000 0.19839378
16.80743000 0.19861807
16.83464000 0.19880043
16.86185000 0.19892335
16.88907000 0.19898470
16.91628000 0.19900894
16.94349000 0.19905585
16.97070000 0.19917181
16.99791000 0.19934335
17.02512000 0.19949442
17.05233000 0.19953917
17.07955000 0.19943936
17.10676000 0.19922847
17.13397000 0.19898555
17.16118000 0.19877821
17.18839000 0.19861619
17.21561000 0.19845383
17.24282000 0.19823724
17.27003000 0.19795476
17.29724000 0.19764282
17.32445000 0.19734615
17.35166000 0.19708432
17.37887000 0.19684355
17.40609000 0.19660731
17.43330000 0.19638854
17.46051000 0.19623528
17.48772000 0.19619738
17.51493000 0.19628364
17.54214000 0.19645590
17.56936000 0.19666915
17.59657000 0.19689631
17.62378000 0.19711623
17.65099000 0.19729932
17.67820000 0.19742957
17.70541000 0.19753203
17.73263000 0.19766542
17.75984000 0.19787200
17.78705000 0.19814482
17.81426000 0.19844016
17.84147000 0.19871202
17.86868000 0.19893797
17.89590000 0.19911595
17.92311000 0.19924977
17.95032000 0.19934434
17.97753000 0.19941157
18.00474000 0.19947398
18.03195000 0.19955276
18.05916000 0.19965363
18.08638000 0.19976123
18.11359000 0.19985141
18.14080000 0.19990629
18.16801000 0.19991782
18.19522000 0.19988386
18.22244000 0.19980279
18.24965000 0.19967887
18.27686000 0.19952846
18.30407000 0.19937783
18.33128000 0.19925444
18.35849000 0.19918092
18.38570000 0.19917619
18.41292000 0.19925462
18.44013000 0.19942194
18.46734000 0.19966243
18.49455000 0.19993338
18.52176000 0.20017478
18.54897000 0.20033348
18.57618000 0.20038730
18.60340000 0.20035569
18.63061000 0.20029025
18.65782000 0.20025218
18.68503000 0.20028625
18.71224000 0.20039976
18.73946000 0.20056267
18.76667000 0.20073381
18.79388000 0.20088647
18.82109000 0.20101364
18.84830000 0.20110996
18.87551000 0.20115933
18.90272000 0.20114492
18.92994000 0.20107096
18.95715000 0.20096797
18.98436000 0.20087849
19.01157000 0.20083547
19.03878000 0.20084621
19.06599000 0.20089287
19.09321000 0.20094955
19.12042000 0.20100421
19.14763000 0.20106515
19.17484000 0.20114730
19.20205000 0.20125255
19.22926000 0.20136403
19.25648000 0.20145909
19.28369000 0.20152679
19.31090000 0.20157680
19.33811000 0.20163529
19.36532000 0.20173109
19.39253000 0.20188202
19.41974000 0.20208251
19.44696000 0.20230441
19.47417000 0.20251365
19.50138000 0.20269175
19.52859000 0.20284152
19.55580000 0.20297295
19.58301000 0.20308779
19.61023000 0.20317689
19.63744000 0.20323010
19.66465000 0.20324609
19.69186000 0.20323661
19.71907000 0.20322347
19.74628000 0.20322947
19.77350000 0.20326784
19.80071000 0.20333518
19.82792000 0.20341174
19.85513000 0.20347528
19.88234000 0.20352231
19.90955000 0.20357805
19.93676000 0.20368209
19.96398000 0.20386098
19.99119000 0.20411077
20.01840000 0.20440003
20.04561000 0.20468743
20.07282000 0.20494007
20.10004000 0.20514248
20.12725000 0.20529735
20.15446000 0.20541716
20.18167000 0.20551771
20.20888000 0.20561185
20.23609000 0.20570642
20.26330000 0.20580807
20.29052000 0.20593178
20.31773000 0.20609769
20.34494000 0.20631517
20.37215000 0.20657326
20.39936000 0.20684789
20.42657000 0.20711797
20.45379000 0.20737419
20.48100000 0.20761280
20.50821000 0.20782842
20.53542000 0.20800880
20.56263000 0.20814142
20.58984000 0.20823105
20.61706000 0.20830691
20.64427000 0.20840882
20.67148000 0.20856155
20.69869000 0.20876580
20.72590000 0.20900749
20.75311000 0.20927574
20.78033000 0.20956941
20.80754000 0.20988972
20.83475000 0.21022436
20.86196000 0.21054922
20.88917000 0.21084926
20.91638000 0.21113957
20.94359000 0.21145371
20.97081000 0.21180753
20.99802000 0.21218254
21.02523000 0.21254656
21.05244000 0.21288362
21.07965000 0.21320295
21.10687000 0.21353523
21.13408000 0.21392399
21.16129000 0.21439973
21.18850000 0.21494460
21.21571000 0.21548688
21.24292000 0.21595140
21.27013000 0.21632731
21.29735000 0.21667565
21.32456000 0.21708256
21.35177000 0.21760264
21.37898000 0.21823737
21.40619000 0.21894406
21.43340000 0.21966879
21.46061000 0.22037910
21.48783000 0.22107981
21.51504000 0.22179976
21.54225000 0.22258414
21.56946000 0.22348268
21.59667000 0.22457977
21.62389000 0.22597112
21.65110000 0.22774071
21.67831000 0.22987279
21.70552000 0.23218484
21.73273000 0.23434632
21.75994000 0.23600888
21.78715000 0.23697609
21.81437000 0.23728272
21.84158000 0.23713000
21.86879000 0.23673953
21.89600000 0.23624463
21.92321000 0.23569781
21.95042000 0.23511441
21.97764000 0.23452754
22.00485000 0.23396391
22.03206000 0.23343146
22.05927000 0.23291431
22.08648000 0.23239791
22.11369000 0.23189150
22.14091000 0.23142174
22.16812000 0.23101030
22.19533000 0.23064728
22.22254000 0.23029248
22.24975000 0.22990255
22.27696000 0.22945732
22.30417000 0.22896360
22.33139000 0.22843841
22.35860000 0.22789407
22.38581000 0.22733724
22.41302000 0.22677414
22.44023000 0.22621408
22.46744000 0.22567217
22.49466000 0.22516739
22.52187000 0.22471213
22.54908000 0.22430180
22.57629000 0.22391282
22.60350000 0.22351544
22.63071000 0.22308841
22.65793000 0.22262400
22.68514000 0.22212483
22.71235000 0.22160049
22.73956000 0.22106571
22.76677000 0.22053485
22.79398000 0.22001499
22.82119000 0.21950473
22.84841000 0.21900269
22.87562000 0.21851435
22.90283000 0.21804847
22.93004000 0.21760516
22.95725000 0.21717010
22.98447000 0.21672198
23.01168000 0.21624552
23.03889000 0.21573806
23.06610000 0.21520685
23.09331000 0.21466261
23.12052000 0.21411483
23.14773000 0.21357185
23.17495000 0.21304210
23.20216000 0.21253377
23.22937000 0.21205109
23.25658000 0.21159053
23.28379000 0.21114162
23.31100000 0.21069255
23.33822000 0.21023528
23.36543000 0.20976707
23.39264000 0.20928927
23.41985000 0.20880595
23.44706000 0.20832118
23.47427000 0.20783532
23.50149000 0.20734216
23.52870000 0.20683190
23.55591000 0.20629893
23.58312000 0.20574777
23.61033000 0.20519049
23.63754000 0.20463888
23.66476000 0.20409806
23.69197000 0.20356654
23.71918000 0.20304105
23.74639000 0.20252083
23.77360000 0.20200883
23.80081000 0.20151033
23.82802000 0.20103066
23.85524000 0.20057239
23.88245000 0.20013274
23.90966000 0.19970177
23.93687000 0.19926298
23.96408000 0.19879906
23.99130000 0.19829924
24.01851000 0.19776410
24.04572000 0.19720551
24.07293000 0.19664107
24.10014000 0.19608590
24.12735000 0.19554605
24.15456000 0.19501849
24.18178000 0.19449668
24.20899000 0.19397724
24.23620000 0.19346055
24.26341000 0.19294655
24.29062000 0.19243267
24.31783000 0.19191614
24.34504000 0.19139755
24.37226000 0.19088158
24.39947000 0.19037336
24.42668000 0.18987392
24.45389000 0.18937930
24.48110000 0.18888338
24.50832000 0.18838249
24.53553000 0.18787652
24.56274000 0.18736590
24.58995000 0.18685010
24.61716000 0.18632835
24.64437000 0.18580097
24.67158000 0.18526839
24.69880000 0.18472992
24.72601000 0.18418591
24.75322000 0.18364064
24.78043000 0.18310186
24.80764000 0.18257563
24.83485000 0.18206310
24.86206000 0.18156135
24.88928000 0.18106674
24.91649000 0.18057732
24.94370000 0.18009220
24.97091000 0.17960837
24.99812000 0.17911944
25.02533000 0.17861733
25.05255000 0.17809789
25.07976000 0.17756404
25.10697000 0.17702347
25.13418000 0.17648235
25.16139000 0.17594144
25.18860000 0.17539707
25.21582000 0.17484544
25.24303000 0.17428571
25.27024000 0.17372000
25.29745000 0.17315184
25.32466000 0.17258485
25.35187000 0.17202277
25.37909000 0.17147076
25.40630000 0.17093520
25.43351000 0.17042093
25.46072000 0.16992705
25.48793000 0.16944633
25.51514000 0.16896817
25.54236000 0.16848375
25.56957000 0.16798824
25.59678000 0.16748039
25.62399000 0.16696069
25.65120000 0.16643044
25.67841000 0.16589136
25.70562000 0.16534549
25.73284000 0.16479437
25.76005000 0.16423865
25.78726000 0.16367728
25.81447000 0.16310808
25.84168000 0.16252977
25.86890000 0.16194452
25.89611000 0.16135871
25.92332000 0.16078074
25.95053000 0.16021793
25.97774000 0.15967472
26.00495000 0.15915187
26.03216000 0.15864620
26.05938000 0.15815142
26.08659000 0.15766028
26.11380000 0.15716645
26.14101000 0.15666731
26.16822000 0.15616818
26.19543000 0.15569042
26.22264000 0.15528265
26.24986000 0.15502459
26.27707000 0.15500189
26.30428000 0.15525103
26.33149000 0.15571386
26.35870000 0.15625437
26.38591000 0.15673609
26.41313000 0.15709424
26.44034000 0.15734264
26.46755000 0.15752742
26.49476000 0.15768306
26.52197000 0.15782221
26.54918000 0.15794851
26.57640000 0.15806845
26.60361000 0.15819089
26.63082000 0.15832177
26.65803000 0.15845962
26.68524000 0.15859762
26.71245000 0.15872976
26.73967000 0.15885437
26.76688000 0.15897274
26.79409000 0.15908712
26.82130000 0.15920085
26.84851000 0.15931894
26.87572000 0.15944695
26.90294000 0.15958913
26.93015000 0.15974796
26.95736000 0.15992531
26.98457000 0.16012233
27.01178000 0.16034101
27.03899000 0.16058658
27.06621000 0.16087107
27.09342000 0.16121273
27.12063000 0.16162886
27.14784000 0.16212690
27.17505000 0.16270135
27.20226000 0.16333961
27.22947000 0.16403139
27.25669000 0.16477269
27.28390000 0.16556358
27.31111000 0.16640505
27.33832000 0.16729848
27.36553000 0.16824570
27.39275000 0.16924764
27.41996000 0.17030306
27.44717000 0.17140865
27.47438000 0.17255946
27.50159000 0.17374867
27.52880000 0.17496864
27.55601000 0.17621335
27.58322000 0.17748107
27.61044000 0.17877442
27.63765000 0.18009809
27.66486000 0.18145548
27.69207000 0.18284529
27.71928000 0.18425842
27.74649000 0.18567683
27.77371000 0.18707807
27.80092000 0.18844265
27.82813000 0.18975891
27.85534000 0.19102293
27.88255000 0.19223434
27.90976000 0.19339356
27.93698000 0.19450118
27.96419000 0.19555818
27.99140000 0.19656584
28.01861000 0.19752553
28.04582000 0.19843973
28.07303000 0.19931200
28.10025000 0.20014566
28.12746000 0.20094271
28.15467000 0.20170644
28.18188000 0.20244579
28.20909000 0.20317525
28.23630000 0.20390646
28.26351000 0.20463897
28.29073000 0.20536017
28.31794000 0.20605637
28.34515000 0.20672457
28.37236000 0.20737176
28.39957000 0.20800278
28.42679000 0.20860964
28.45400000 0.20917402
28.48121000 0.20968014
28.50842000 0.21012729
28.53563000 0.21053144
28.56284000 0.21091482
28.59006000 0.21129252
28.61726000 0.21166715
28.64448000 0.21203512
28.67169000 0.21239679
28.69890000 0.21275702
28.72611000 0.21311849
28.75332000 0.21347620
28.78054000 0.21382135
28.80775000 0.21415184
28.83496000 0.21447738
28.86217000 0.21481833
28.88938000 0.21520208
28.91659000 0.21567337
28.94381000 0.21632068
28.97102000 0.21727079
28.99823000 0.21861841
29.02544000 0.22032917
29.05265000 0.22222073
29.07987000 0.22406809
29.10707000 0.22573666
29.13429000 0.22721313
29.16150000 0.22853599
29.18871000 0.22972782
29.21592000 0.23078886
29.24313000 0.23172873
29.27034000 0.23257944
29.29756000 0.23337950
29.32477000 0.23416057
29.35198000 0.23494545
29.37919000 0.23575181
29.40640000 0.23659094
29.43361000 0.23746166
29.46083000 0.23834629
29.48804000 0.23921837
29.51525000 0.24005385
29.54246000 0.24083954
29.56967000 0.24157594
29.59688000 0.24227406
29.62410000 0.24295530
29.65131000 0.24364603
29.67852000 0.24436146
29.70573000 0.24508356
29.73294000 0.24575800
29.76015000 0.24632901
29.78736000 0.24678718
29.81458000 0.24718091
29.84179000 0.24758114
29.86900000 0.24803907
29.89621000 0.24857736
29.92342000 0.24920650
29.95064000 0.24994284
29.97785000 0.25080496
30.00506000 0.25180182
30.03227000 0.25291955
30.05948000 0.25412038
30.08669000 0.25535423
30.11390000 0.25657982
30.14111000 0.25777844
30.16833000 0.25895530
30.19554000 0.26012996
30.22275000 0.26132536
30.24996000 0.26256105
30.27717000 0.26385376
30.30439000 0.26522249
30.33160000 0.26669312
30.35881000 0.26829907
30.38602000 0.27008486
30.41323000 0.27208966
30.44044000 0.27435890
30.46766000 0.27691400
30.49487000 0.27972978
30.52208000 0.28265616
30.54929000 0.28536430
30.57650000 0.28741616
30.60371000 0.28847793
30.63092000 0.28851718
30.65814000 0.28780475
30.68535000 0.28672192
30.71256000 0.28554752
30.73977000 0.28437632
30.76698000 0.28316113
30.79419000 0.28179190
30.82140000 0.28022680
30.84862000 0.27852950
30.87583000 0.27682653
30.90304000 0.27521253
30.93025000 0.27371359
30.95747000 0.27232859
30.98468000 0.27107528
31.01189000 0.26997223
31.03910000 0.26898420
31.06631000 0.26801491
31.09352000 0.26696625
31.12073000 0.26580709
31.14794000 0.26457328
31.17515000 0.26331198
31.20237000 0.26204085
31.22958000 0.26075527
31.25679000 0.25945544
31.28400000 0.25816667
31.31121000 0.25694045
31.33843000 0.25583532
31.36564000 0.25487733
31.39285000 0.25403407
31.42006000 0.25322706
31.44727000 0.25237691
31.47448000 0.25144446
31.50170000 0.25043452
31.52891000 0.24936749
31.55612000 0.24825665
31.58333000 0.24710895
31.61054000 0.24593776
31.63775000 0.24476807
31.66496000 0.24362621
31.69218000 0.24253295
31.71939000 0.24150008
31.74660000 0.24053057
31.77381000 0.23962067
31.80102000 0.23875920
31.82823000 0.23792446
31.85545000 0.23708206
31.88266000 0.23619489
31.90987000 0.23524264
31.93708000 0.23423207
31.96429000 0.23318899
31.99151000 0.23214158
32.01872000 0.23110783
32.04593000 0.23008718
32.07314000 0.22906445
32.10035000 0.22802395
32.12756000 0.22696686
32.15477000 0.22591543
32.18199000 0.22490102
32.20920000 0.22395025
32.23641000 0.22307828
32.26362000 0.22228406
32.29083000 0.22154115
32.31804000 0.22079541
32.34526000 0.21998526
32.37247000 0.21907747
32.39968000 0.21808894
32.42689000 0.21707222
32.45410000 0.21607716
32.48131000 0.21512467
32.50853000 0.21420789
32.53574000 0.21330982
32.56295000 0.21241763
32.59016000 0.21152321
32.61737000 0.21061832
32.64458000 0.20969307
32.67179000 0.20874377
32.69900000 0.20778370
32.72622000 0.20684645
32.75343000 0.20597529
32.78064000 0.20520495
32.80785000 0.20454744
32.83507000 0.20398578
32.86228000 0.20346975
32.88949000 0.20291416
32.91670000 0.20221163
32.94391000 0.20125803
32.97112000 0.19998190
32.99833000 0.19836813
33.02555000 0.19647323
33.05276000 0.19442372
33.07997000 0.19237621
33.10718000 0.19045478
33.13439000 0.18871252
33.16160000 0.18713954
33.18881000 0.18569401
33.21603000 0.18432356
33.24324000 0.18297641
33.27045000 0.18161552
33.29766000 0.18023698
33.32487000 0.17887302
33.35208000 0.17757510
33.37930000 0.17638884
33.40651000 0.17533481
33.43372000 0.17440115
33.46093000 0.17354612
33.48814000 0.17271139
33.51536000 0.17184396
33.54257000 0.17091396
33.56978000 0.16992004
33.59699000 0.16888292
33.62420000 0.16784048
33.65141000 0.16685356
33.67862000 0.16601059
33.70583000 0.16543838
33.73305000 0.16529819
33.76026000 0.16574617
33.78747000 0.16687202
33.81468000 0.16863254
33.84189000 0.17086561
33.86911000 0.17333235
33.89632000 0.17573012
33.92353000 0.17768320
33.95074000 0.17880434
33.97795000 0.17887786
34.00516000 0.17801684
34.03237000 0.17662585
34.05959000 0.17516717
34.08680000 0.17394291
34.11401000 0.17302889
34.14122000 0.17232095
34.16843000 0.17162238
34.19564000 0.17071612
34.22286000 0.16947486
34.25007000 0.16793798
34.27728000 0.16628721
34.30449000 0.16473128
34.33170000 0.16339514
34.35891000 0.16230522
34.38612000 0.16143565
34.41334000 0.16076104
34.44055000 0.16027087
34.46776000 0.15995610
34.49497000 0.15979201
34.52218000 0.15973666
34.54940000 0.15973833
34.57661000 0.15975124
34.60382000 0.15976141
34.63103000 0.15981486
34.65824000 0.16004808
34.68545000 0.16063875
34.71266000 0.16174839
34.73988000 0.16343118
34.76709000 0.16555999
34.79430000 0.16780609
34.82151000 0.16974418
34.84872000 0.17107004
34.87593000 0.17174806
34.90315000 0.17197847
34.93036000 0.17206192
34.95757000 0.17229331
34.98478000 0.17287377
35.01199000 0.17383324
35.03920000 0.17509174
35.06642000 0.17660190
35.09363000 0.17845461
35.12084000 0.18078810
35.14805000 0.18363571
35.17526000 0.18688269
35.20247000 0.19036599
35.22968000 0.19400233
35.25690000 0.19786406
35.28411000 0.20215622
35.31132000 0.20713086
35.33853000 0.21296991
35.36574000 0.21968333
35.39296000 0.22708832
35.42017000 0.23481858
35.44738000 0.24239667
35.47459000 0.24933051
35.50180000 0.25529009
35.52901000 0.26030371
35.55622000 0.26481318
35.58344000 0.26945755
35.61065000 0.27469388
35.63786000 0.28048241
35.66507000 0.28625274
35.69228000 0.29113489
35.71949000 0.29439247
35.74671000 0.29579377
35.77392000 0.29573530
35.80113000 0.29494894
35.82834000 0.29405501
35.85555000 0.29326820
35.88276000 0.29245263
35.90997000 0.29141486
35.93719000 0.29009649
35.96440000 0.28852019
35.99161000 0.28663424
36.01882000 0.28430951
36.04603000 0.28156343
36.07325000 0.27865514
36.10046000 0.27589655
36.12767000 0.27337959
36.15488000 0.27099630
36.18209000 0.26866049
36.20930000 0.26649791
36.23652000 0.26473683
36.26372000 0.26347703
36.29094000 0.26260886
36.31815000 0.26192906
36.34536000 0.26135123
36.37257000 0.26094830
36.39978000 0.26078203
36.42700000 0.26072735
36.45421000 0.26050469
36.48142000 0.25989982
36.50863000 0.25894016
36.53584000 0.25788608
36.56305000 0.25700161
36.59026000 0.25637770
36.61748000 0.25590321
36.64469000 0.25540268
36.67190000 0.25481319
36.69911000 0.25421813
36.72633000 0.25369942
36.75353000 0.25317276
36.78075000 0.25241101
36.80796000 0.25120085
36.83517000 0.24943236
36.86238000 0.24706537
36.88959000 0.24411522
36.91680000 0.24073014
36.94401000 0.23720828
36.97123000 0.23386194
36.99844000 0.23087533
37.02565000 0.22827932
37.05286000 0.22600846
37.08007000 0.22394924
37.10729000 0.22197104
37.13450000 0.21997072
37.16171000 0.21793586
37.18892000 0.21593916
37.21613000 0.21407637
37.24334000 0.21240601
37.27056000 0.21093865
37.29776000 0.20966260
37.32498000 0.20855476
37.35219000 0.20757450
37.37940000 0.20665386
37.40661000 0.20571774
37.43382000 0.20471497
37.46104000 0.20363998
37.48825000 0.20252609
37.51546000 0.20142554
37.54267000 0.20038295
37.56988000 0.19942315
37.59709000 0.19854294
37.62431000 0.19771919
37.65152000 0.19691427
37.67873000 0.19608882
37.70594000 0.19521847
37.73315000 0.19431295
37.76037000 0.19341619
37.78757000 0.19257899
37.81479000 0.19182914
37.84200000 0.19116722
37.86921000 0.19058813
37.89642000 0.19010803
37.92363000 0.18975972
37.95084000 0.18956196
37.97806000 0.18948852
38.00527000 0.18946327
38.03248000 0.18939391
38.05969000 0.18922019
38.08690000 0.18895647
38.11412000 0.18870094
38.14133000 0.18860579
38.16854000 0.18881267
38.19575000 0.18939453
38.22296000 0.19033676
38.25017000 0.19158377
38.27738000 0.19311154
38.30460000 0.19497767
38.33181000 0.19727865
38.35902000 0.20000538
38.38623000 0.20291887
38.41344000 0.20559663
38.44065000 0.20766935
38.46786000 0.20905715
38.49508000 0.20995259
38.52229000 0.21056661
38.54950000 0.21090212
38.57671000 0.21076387
38.60392000 0.20995350
38.63114000 0.20846486
38.65835000 0.20652339
38.68556000 0.20447643
38.71277000 0.20264627
38.73998000 0.20122375
38.76719000 0.20024605
38.79441000 0.19964150
38.82161000 0.19930896
38.84883000 0.19919206
38.87604000 0.19930127
38.90325000 0.19967355
38.93046000 0.20032418
38.95767000 0.20126368
38.98489000 0.20253864
39.01210000 0.20421864
39.03931000 0.20634022
39.06652000 0.20887151
39.09373000 0.21177162
39.12094000 0.21505295
39.14816000 0.21871941
39.17537000 0.22262613
39.20258000 0.22648239
39.22979000 0.23004626
39.25700000 0.23332210
39.28422000 0.23655602
39.31142000 0.24003752
39.33864000 0.24391732
39.36585000 0.24811745
39.39306000 0.25232372
39.42027000 0.25612885
39.44748000 0.25927234
39.47469000 0.26182875
39.50191000 0.26412439
39.52912000 0.26649153
39.55633000 0.26905695
39.58354000 0.27173784
39.61075000 0.27437228
39.63797000 0.27679005
39.66518000 0.27875546
39.69239000 0.27993047
39.71960000 0.28002000
39.74681000 0.27902859
39.77402000 0.27735320
39.80123000 0.27557626
39.82845000 0.27412516
39.85565000 0.27312040
39.88287000 0.27244449
39.91008000 0.27192038
39.93729000 0.27142391
39.96450000 0.27088264
39.99172000 0.27023125
40.01893000 0.26940989
40.04614000 0.26839438
40.07335000 0.26721796
40.10056000 0.26596275
40.12777000 0.26472953
40.15498000 0.26360983
40.18220000 0.26268119
40.20941000 0.26202399
40.23662000 0.26173148
40.26383000 0.26188767
40.29104000 0.26250690
40.31826000 0.26349989
40.34546000 0.26468512
40.37268000 0.26582670
40.39989000 0.26668334
40.42710000 0.26706442
40.45431000 0.26689345
40.48152000 0.26623818
40.50873000 0.26527262
40.53595000 0.26418516
40.56316000 0.26310316
40.59037000 0.26209354
40.61758000 0.26120523
40.64479000 0.26048449
40.67201000 0.25993538
40.69922000 0.25950003
40.72643000 0.25908604
40.75364000 0.25860688
40.78085000 0.25800201
40.80806000 0.25723475
40.83527000 0.25630587
40.86249000 0.25526509
40.88970000 0.25419649
40.91691000 0.25318256
40.94412000 0.25226641
40.97133000 0.25143084
40.99855000 0.25060508
41.02576000 0.24969937
41.05297000 0.24865545
41.08018000 0.24747783
41.10739000 0.24622957
41.13460000 0.24500346
41.16181000 0.24388562
41.18903000 0.24292774
41.21624000 0.24213603
41.24345000 0.24147846
41.27066000 0.24090600
41.29787000 0.24037066
41.32508000 0.23983325
41.35229000 0.23926459
41.37951000 0.23864956
41.40672000 0.23799559
41.43393000 0.23732275
41.46114000 0.23663999
41.48835000 0.23592710
41.51557000 0.23515753
41.54278000 0.23434421
41.56999000 0.23355405
41.59720000 0.23286955
41.62441000 0.23233081
41.65163000 0.23191671
41.67883000 0.23156978
41.70605000 0.23123348
41.73326000 0.23087335
41.76047000 0.23047258
41.78768000 0.23002627
41.81489000 0.22953793
41.84211000 0.22902110
41.86932000 0.22849602
41.89653000 0.22798844
41.92374000 0.22753218
41.95095000 0.22717011
41.97816000 0.22694960
42.00537000 0.22691153
42.03258000 0.22708634
42.05980000 0.22748314
42.08701000 0.22806719
42.11422000 0.22873944
42.14143000 0.22935435
42.16864000 0.22978508
42.19586000 0.22999938
42.22306000 0.23008643
42.25028000 0.23020551
42.27749000 0.23049740
42.30470000 0.23102699
42.33191000 0.23180135
42.35912000 0.23283412
42.38634000 0.23418044
42.41355000 0.23590955
42.44076000 0.23803902
42.46797000 0.24049659
42.49518000 0.24311808
42.52240000 0.24569315
42.54961000 0.24799298
42.57682000 0.24981044
42.60403000 0.25102544
42.63124000 0.25167543
42.65845000 0.25194266
42.68566000 0.25200507
42.71287000 0.25189167
42.74009000 0.25150380
42.76730000 0.25079009
42.79451000 0.24987182
42.82172000 0.24900617
42.84893000 0.24844044
42.87614000 0.24828877
42.90336000 0.24852329
42.93057000 0.24901114
42.95778000 0.24957776
42.98499000 0.25005123
43.01220000 0.25031647
43.03942000 0.25035456
43.06663000 0.25022376
43.09384000 0.25000226
43.12105000 0.24974515
43.14826000 0.24950239
43.17547000 0.24934369
43.20268000 0.24935177
43.22990000 0.24958064
43.25711000 0.25003216
43.28432000 0.25066802
43.31153000 0.25141963
43.33874000 0.25219971
43.36595000 0.25291246
43.39316000 0.25348437
43.42038000 0.25389791
43.44759000 0.25418526
43.47480000 0.25440291
43.50201000 0.25459501
43.52922000 0.25476846
43.55643000 0.25488490
43.58365000 0.25488919
43.61086000 0.25479007
43.63807000 0.25468922
43.66528000 0.25470427
43.69249000 0.25487134
43.71970000 0.25513017
43.74691000 0.25540170
43.77413000 0.25564733
43.80134000 0.25585350
43.82855000 0.25600114
43.85576000 0.25607717
43.88298000 0.25608924
43.91019000 0.25608051
43.93740000 0.25612968
43.96461000 0.25632259
43.99182000 0.25673261
44.01903000 0.25741097
44.04624000 0.25836703
44.07346000 0.25955805
44.10067000 0.26088130
44.12788000 0.26219690
44.15509000 0.26338282
44.18230000 0.26438865
44.20951000 0.26524279
44.23672000 0.26601088
44.26394000 0.26673332
44.29115000 0.26740316
44.31836000 0.26800695
44.34557000 0.26857087
44.37278000 0.26914415
44.39999000 0.26973400
44.42721000 0.27027461
44.45442000 0.27067184
44.48163000 0.27088052
44.50884000 0.27094057
44.53605000 0.27094412
44.56327000 0.27099863
44.59048000 0.27120537
44.61769000 0.27164891
44.64490000 0.27237543
44.67211000 0.27336589
44.69932000 0.27451578
44.72653000 0.27563885
44.75375000 0.27648741
44.78096000 0.27680570
44.80817000 0.27642512
44.83538000 0.27535963
44.86259000 0.27381986
44.88980000 0.27211744
44.91701000 0.27051774
44.94422000 0.26914629
44.97144000 0.26799610
44.99865000 0.26699701
45.02586000 0.26608321
45.05307000 0.26522821
45.08028000 0.26443720
45.10750000 0.26372632
45.13471000 0.26311469
45.16192000 0.26263872
45.18913000 0.26238671
45.21634000 0.26250330
45.24355000 0.26311558
45.27077000 0.26420549
45.29798000 0.26553941
45.32519000 0.26676318
45.35240000 0.26760995
45.37961000 0.26804119
45.40683000 0.26820993
45.43404000 0.26831779
45.46125000 0.26850808
45.48846000 0.26885259
45.51567000 0.26940587
45.54288000 0.27024627
45.57009000 0.27145675
45.59730000 0.27304658
45.62451000 0.27488813
45.65173000 0.27675432
45.67894000 0.27843639
45.70615000 0.27983853
45.73336000 0.28098691
45.76058000 0.28197598
45.78778000 0.28290978
45.81500000 0.28385073
45.84221000 0.28478724
45.86942000 0.28563830
45.89663000 0.28631726
45.92384000 0.28681833
45.95106000 0.28725243
45.97827000 0.28779492
46.00548000 0.28858596
46.03269000 0.28966242
46.05990000 0.29097134
46.08712000 0.29243690
46.11433000 0.29402009
46.14154000 0.29571605
46.16875000 0.29749891
46.19596000 0.29925218
46.22317000 0.30077088
46.25038000 0.30184656
46.27759000 0.30238041
46.30481000 0.30243430
46.33202000 0.30217755
46.35923000 0.30177853
46.38644000 0.30132648
46.41365000 0.30081820
46.44086000 0.30019578
46.46807000 0.29940757
46.49529000 0.29845953
46.52250000 0.29742461
46.54971000 0.29640368
46.57692000 0.29546541
46.60413000 0.29462466
46.63135000 0.29387167
46.65856000 0.29320264
46.68577000 0.29261231
46.71298000 0.29207107
46.74019000 0.29152960
46.76740000 0.29095751
46.79462000 0.29037622
46.82183000 0.28984705
46.84904000 0.28942618
46.87625000 0.28912532
46.90346000 0.28889984
46.93067000 0.28865764
46.95788000 0.28829813
46.98510000 0.28773001
47.01231000 0.28687146
47.03952000 0.28565004
47.06673000 0.28404403
47.09394000 0.28214830
47.12115000 0.28017205
47.14837000 0.27833393
47.17558000 0.27675304
47.20279000 0.27542844
47.23000000 0.27429694
47.25721000 0.27329469
47.28443000 0.27238816
47.31163000 0.27156696
47.33885000 0.27083877
47.36606000 0.27021167
47.39327000 0.26968482
47.42048000 0.26924554
47.44769000 0.26887146
47.47491000 0.26854646
47.50212000 0.26828533
47.52933000 0.26815891
47.55654000 0.26831263
47.58375000 0.26892933
47.61096000 0.27012759
47.63818000 0.27184564
47.66539000 0.27383915
47.69260000 0.27582243
47.71981000 0.27762970
47.74702000 0.27924788
47.77423000 0.28074613
47.80144000 0.28222036
47.82866000 0.28377098
47.85586000 0.28545952
47.88308000 0.28724882
47.91029000 0.28899714
47.93750000 0.29054302
47.96471000 0.29179624
47.99192000 0.29275829
48.01914000 0.29346967
48.04635000 0.29397529
48.07356000 0.29433879
48.10077000 0.29466030
48.12798000 0.29504168
48.15520000 0.29552063
48.18241000 0.29604983
48.20962000 0.29654753
48.23683000 0.29696491
48.26404000 0.29730821
48.29125000 0.29761910
48.31847000 0.29794034
48.34568000 0.29828969
48.37289000 0.29864573
48.40010000 0.29896361
48.42731000 0.29921600
48.45452000 0.29943281
48.48173000 0.29968300
48.50894000 0.30000436
48.53616000 0.30034959
48.56337000 0.30061147
48.59058000 0.30070701
48.61779000 0.30063474
48.64500000 0.30045560
48.67222000 0.30024323
48.69943000 0.30005464
48.72664000 0.29992756
48.75385000 0.29987782
48.78106000 0.29989895
48.80828000 0.29996982
48.83548000 0.30006421
48.86270000 0.30014622
48.88991000 0.30016673
48.91712000 0.30007887
48.94433000 0.29986078
48.97154000 0.29952466
48.99876000 0.29910931
49.02597000 0.29865614
49.05318000 0.29819086
49.08039000 0.29772004
49.10760000 0.29724905
49.13481000 0.29680490
49.16202000 0.29643995
49.18923000 0.29621124
49.21645000 0.29615155
49.24366000 0.29624996
49.27087000 0.29644981
49.29808000 0.29666570
49.32529000 0.29681548
49.35251000 0.29684833
49.37971000 0.29675928
49.40693000 0.29657945
49.43414000 0.29634833
49.46135000 0.29608893
49.48856000 0.29581016
49.51577000 0.29554099
49.54299000 0.29535356
49.57020000 0.29534346
49.59741000 0.29558355
49.62462000 0.29609504
49.65184000 0.29684091
49.67905000 0.29771718
49.70626000 0.29856074
49.73347000 0.29920438
49.76068000 0.29955596
49.78789000 0.29963592
49.81510000 0.29954609
49.84231000 0.29941195
49.86953000 0.29934061
49.89674000 0.29939783
49.92395000 0.29959476
49.95116000 0.29989582
49.97837000 0.30024868
50.00558000 0.30061549
50.03279000 0.30098674
50.06001000 0.30137384
50.08722000 0.30179498
50.11443000 0.30226374
50.14164000 0.30278173
50.16885000 0.30334035
50.19607000 0.30392721
50.22328000 0.30453342
50.25049000 0.30514929
50.27770000 0.30575076
50.30491000 0.30628911
50.33213000 0.30670506
50.35933000 0.30696163
50.38655000 0.30706999
50.41376000 0.30708444
50.44097000 0.30707756
50.46818000 0.30711046
50.49539000 0.30721176
50.52261000 0.30736941
50.54982000 0.30754176
50.57703000 0.30768833
50.60424000 0.30779594
50.63145000 0.30787277
50.65866000 0.30792293
50.68587000 0.30793208
50.71308000 0.30787790
50.74030000 0.30775121
50.76751000 0.30756754
50.79472000 0.30736583
50.82193000 0.30720139
50.84914000 0.30713135
50.87636000 0.30719110
50.90356000 0.30737853
50.93078000 0.30765587
50.95799000 0.30796453
50.98520000 0.30824676
51.01241000 0.30846396
51.03963000 0.30861646
51.06684000 0.30874804
51.09405000 0.30893427
51.12126000 0.30925122
51.14847000 0.30976227
51.17569000 0.31051284
51.20290000 0.31151003
51.23011000 0.31267276
51.25732000 0.31381527
51.28453000 0.31471679
51.31174000 0.31524616
51.33895000 0.31541446
51.36616000 0.31531873
51.39337000 0.31505799
51.42059000 0.31472078
51.44780000 0.31441674
51.47501000 0.31427604
51.50222000 0.31439066
51.52943000 0.31476909
51.55664000 0.31533775
51.58386000 0.31598091
51.61107000 0.31658995
51.63828000 0.31710613
51.66549000 0.31752691
51.69270000 0.31789422
51.71992000 0.31826094
51.74713000 0.31866840
51.77434000 0.31913412
51.80155000 0.31965205
51.82876000 0.32020381
51.85598000 0.32077026
51.88318000 0.32133964
51.91040000 0.32192183
51.93761000 0.32255492
51.96482000 0.32328966
51.99203000 0.32414722
52.01924000 0.32508910
52.04645000 0.32601959
52.07367000 0.32683289
52.10088000 0.32747602
52.12809000 0.32797030
52.15530000 0.32836568
52.18251000 0.32867911
52.20972000 0.32888535
52.23693000 0.32896292
52.26415000 0.32890525
52.29136000 0.32867929
52.31857000 0.32821295
52.34578000 0.32747421
52.37299000 0.32655132
52.40021000 0.32562217
52.42742000 0.32483146
52.45463000 0.32421598
52.48184000 0.32375100
52.50905000 0.32342184
52.53626000 0.32323983
52.56348000 0.32322571
52.59069000 0.32339957
52.61790000 0.32378992
52.64511000 0.32442194
52.67232000 0.32527801
52.69953000 0.32626536
52.72674000 0.32723188
52.75396000 0.32803842
52.78117000 0.32864019
52.80838000 0.32909206
52.83559000 0.32946396
52.86280000 0.32975724
52.89001000 0.32990703
52.91723000 0.32986045
52.94444000 0.32964349
52.97165000 0.32935339
52.99886000 0.32910338
53.02607000 0.32897571
53.05329000 0.32900363
53.08049000 0.32917991
53.10771000 0.32947698
53.13492000 0.32987025
53.16213000 0.33034554
53.18934000 0.33089948
53.21655000 0.33153510
53.24377000 0.33226556
53.27098000 0.33312199
53.29819000 0.33415872
53.32540000 0.33545598
53.35261000 0.33710182
53.37982000 0.33914557
53.40703000 0.34155208
53.43425000 0.34418151
53.46146000 0.34682897
53.48867000 0.34929743
53.51588000 0.35147280
53.54309000 0.35334757
53.57030000 0.35500503
53.59752000 0.35656789
53.62472000 0.35810167
53.65194000 0.35950780
53.67915000 0.36051521
53.70636000 0.36083752
53.73357000 0.36037898
53.76078000 0.35930017
53.78800000 0.35789886
53.81521000 0.35643670
53.84242000 0.35505641
53.86963000 0.35379949
53.89684000 0.35264823
53.92406000 0.35153928
53.95127000 0.35035938
53.97848000 0.34898230
54.00569000 0.34734735
54.03290000 0.34550864
54.06011000 0.34359372
54.08733000 0.34171379
54.11454000 0.33991519
54.14175000 0.33819562
54.16896000 0.33654737
54.19617000 0.33499053
54.22338000 0.33357170
54.25059000 0.33232200
54.27780000 0.33121148
54.30502000 0.33014879
54.33223000 0.32903269
54.35944000 0.32781085
54.38665000 0.32649451
54.41386000 0.32513070
54.44108000 0.32377574
54.46829000 0.32247651
54.49550000 0.32125404
54.52271000 0.32009870
54.54992000 0.31898132
54.57713000 0.31788027
54.60434000 0.31680334
54.63156000 0.31577763
54.65877000 0.31482762
54.68598000 0.31395847
54.71319000 0.31315795
54.74040000 0.31240201
54.76762000 0.31166670
54.79483000 0.31093705
54.82204000 0.31021100
54.84925000 0.30949524
54.87646000 0.30879784
54.90367000 0.30810741
54.93088000 0.30736816
54.95809000 0.30647931
54.98531000 0.30533946
55.01252000 0.30391699
55.03973000 0.30227432
55.06694000 0.30050611
55.09415000 0.29867437
55.12136000 0.29679260
55.14858000 0.29485592
55.17579000 0.29286161
55.20300000 0.29080489
55.23021000 0.28869203
55.25742000 0.28657150
55.28463000 0.28454041
55.31185000 0.28270909
55.33906000 0.28115979
55.36627000 0.27991399
55.39348000 0.27893588
55.42070000 0.27817652
55.44791000 0.27762660
55.47511000 0.27734268
55.50233000 0.27743500
55.52954000 0.27801591
55.55675000 0.27913561
55.58396000 0.28071746
55.61117000 0.28255570
55.63839000 0.28439951
55.66560000 0.28607538
55.69281000 0.28754261
55.72002000 0.28885126
55.74723000 0.29005715
55.77444000 0.29116195
55.80165000 0.29212067
55.82886000 0.29290250
55.85608000 0.29353255
55.88329000 0.29410797
55.91050000 0.29475680
55.93772000 0.29556182
55.96493000 0.29648837
55.99214000 0.29737872
56.01934000 0.29805019
56.04656000 0.29838982
56.07377000 0.29835349
56.10098000 0.29790160
56.12820000 0.29700303
56.15541000 0.29571790
56.18262000 0.29423729
56.20983000 0.29280344
56.23704000 0.29157645
56.26425000 0.29057297
56.29146000 0.28970316
56.31868000 0.28884622
56.34589000 0.28791833
56.37310000 0.28690174
56.40031000 0.28584558
56.42752000 0.28482437
56.45473000 0.28389671
56.48195000 0.28310004
56.50916000 0.28248456
56.53637000 0.28212437
56.56358000 0.28207010
56.59079000 0.28228551
56.61800000 0.28266108
56.64521000 0.28311062
56.67243000 0.28366086
56.69964000 0.28443500
56.72685000 0.28553918
56.75406000 0.28695446
56.78127000 0.28852722
56.80848000 0.29005527
56.83570000 0.29140699
56.86291000 0.29257086
56.89012000 0.29360595
56.91733000 0.29455659
56.94454000 0.29543039
56.97176000 0.29627979
56.99896000 0.29727915
57.02618000 0.29867736
57.05339000 0.30063841
57.08060000 0.30313268
57.10781000 0.30598718
57.13502000 0.30898675
57.16223000 0.31201938
57.18945000 0.31503004
57.21666000 0.31799045
57.24387000 0.32078496
57.27108000 0.32316074
57.29829000 0.32480901
57.32550000 0.32552981
57.35271000 0.32540417
57.37993000 0.32483771
57.40714000 0.32439235
57.43435000 0.32447252
57.46157000 0.32512742
57.48878000 0.32611498
57.51599000 0.32709563
57.54319000 0.32790542
57.57041000 0.32854804
57.59762000 0.32910377
57.62483000 0.32959688
57.65205000 0.33003050
57.67926000 0.33051085
57.70647000 0.33129632
57.73368000 0.33271223
57.76089000 0.33498204
57.78810000 0.33807415
57.81532000 0.34164420
57.84252000 0.34512773
57.86973000 0.34795278
57.89695000 0.34975147
57.92416000 0.35044873
57.95137000 0.35020769
57.97858000 0.34935910
58.00580000 0.34832004
58.03301000 0.34749714
58.06022000 0.34716499
58.08743000 0.34739229
58.11464000 0.34805602
58.14185000 0.34894544
58.16906000 0.34987825
58.19628000 0.35077751
58.22349000 0.35167673
58.25070000 0.35267243
58.27791000 0.35386583
58.30512000 0.35533556
58.33233000 0.35713688
58.35955000 0.35925877
58.38676000 0.36152574
58.41397000 0.36347660
58.44118000 0.36438128
58.46839000 0.36346823
58.49560000 0.36022359
58.52281000 0.35458681
58.55003000 0.34699109
58.57724000 0.33829579
58.60445000 0.32960451
58.63166000 0.32192805
58.65887000 0.31579840
58.68608000 0.31113246
58.71330000 0.30745804
58.74051000 0.30425784
58.76772000 0.30119377
58.79493000 0.29813984
58.82214000 0.29513034
58.84935000 0.29228705
58.87656000 0.28972498
58.90378000 0.28748339
58.93099000 0.28553259
58.95820000 0.28384218
58.98542000 0.28243509
59.01263000 0.28139037
59.03984000 0.28078648
59.06705000 0.28064695
59.09426000 0.28092614
59.12147000 0.28152838
59.14868000 0.28234047
59.17589000 0.28324667
59.20311000 0.28415170
59.23032000 0.28500763
59.25753000 0.28582487
59.28474000 0.28664356
59.31195000 0.28748834
59.33917000 0.28836426
59.36637000 0.28930709
59.39358000 0.29045501
59.42079000 0.29204404
59.44801000 0.29430449
59.47522000 0.29729950
59.50243000 0.30081621
59.52965000 0.30438814
59.55686000 0.30746025
59.58407000 0.30960277
59.61128000 0.31066942
59.63849000 0.31078929
59.66570000 0.31023139
59.69291000 0.30923861
59.72013000 0.30795252
59.74734000 0.30645373
59.77455000 0.30485129
59.80176000 0.30331731
59.82897000 0.30205369
59.85618000 0.30123803
59.88340000 0.30101293
59.91061000 0.30146536
59.93782000 0.30256173
59.96503000 0.30406857
59.99224000 0.30555111
60.01945000 0.30653700
60.04666000 0.30674627
60.07388000 0.30623046
60.10109000 0.30534333
60.12830000 0.30455935
60.15551000 0.30426607
60.18272000 0.30466712
60.20993000 0.30578700
60.23715000 0.30751741
60.26436000 0.30972275
60.29157000 0.31228247
60.31878000 0.31506357
60.34599000 0.31791964
60.37320000 0.32073510
60.40041000 0.32347721
60.42763000 0.32608104
60.45484000 0.32828462
60.48205000 0.32970598
60.50927000 0.33016062
60.53648000 0.32985201
60.56368000 0.32922196
60.59090000 0.32864428
60.61811000 0.32823518
60.64532000 0.32791963
60.67253000 0.32757369
60.69974000 0.32713720
60.72695000 0.32668000
60.75416000 0.32639998
60.78138000 0.32657599
60.80859000 0.32745752
60.83580000 0.32915691
60.86302000 0.33159053
60.89022000 0.33452010
60.91743000 0.33765820
60.94464000 0.34079322
60.97186000 0.34388340
60.99907000 0.34709001
61.02628000 0.35068539
61.05350000 0.35486156
61.08071000 0.35953736
61.10792000 0.36433443
61.13513000 0.36873254
61.16234000 0.37230536
61.18955000 0.37488326
61.21677000 0.37653056
61.24398000 0.37734920
61.27119000 0.37733456
61.29840000 0.37641263
61.32561000 0.37464327
61.35282000 0.37231368
61.38003000 0.36979488
61.40725000 0.36736071
61.43446000 0.36515582
61.46167000 0.36327451
61.48888000 0.36179769
61.51609000 0.36077252
61.54330000 0.36015007
61.57051000 0.35978410
61.59773000 0.35949373
61.62494000 0.35912979
61.65215000 0.35861143
61.67936000 0.35791251
61.70657000 0.35705021
61.73378000 0.35610855
61.76100000 0.35525727
61.78821000 0.35469472
61.81542000 0.35451648
61.84264000 0.35459614
61.86984000 0.35457009
61.89705000 0.35395974
61.92426000 0.35239437
61.95148000 0.34980407
61.97869000 0.34639773
62.00590000 0.34249023
62.03311000 0.33833843
62.06032000 0.33412597
62.08753000 0.33004576
62.11475000 0.32632065
62.14196000 0.32313779
62.16917000 0.32054368
62.19638000 0.31842107
62.22359000 0.31655383
62.25080000 0.31476992
62.27801000 0.31304777
62.30523000 0.31148922
62.33244000 0.31021231
62.35965000 0.30926368
62.38687000 0.30863798
62.41407000 0.30832493
62.44128000 0.30834374
62.46850000 0.30873105
62.49571000 0.30952421
62.52292000 0.31074858
62.55013000 0.31239524
62.57735000 0.31442627
62.60456000 0.31681290
62.63176000 0.31959152
62.65898000 0.32291898
62.68619000 0.32704243
62.71340000 0.33212957
62.74062000 0.33807465
62.76783000 0.34444696
62.79504000 0.35061064
62.82225000 0.35594308
62.84946000 0.35998833
62.87667000 0.36250934
62.90388000 0.36347455
62.93110000 0.36303014
62.95830000 0.36149251
62.98551000 0.35933563
63.01273000 0.35709742
63.03994000 0.35521436
63.06715000 0.35389066
63.09437000 0.35310471
63.12158000 0.35272869
63.14879000 0.35266042
63.17599000 0.35288304
63.20321000 0.35345310
63.23042000 0.35443863
63.25763000 0.35585350
63.28485000 0.35763687
63.31206000 0.35970747
63.33927000 0.36205199
63.36648000 0.36477488
63.39369000 0.36805025
63.42090000 0.37203699
63.44811000 0.37681481
63.47533000 0.38230929
63.50254000 0.38824031
63.52975000 0.39416125
63.55696000 0.39963114
63.58417000 0.40441492
63.61138000 0.40851477
63.63860000 0.41204661
63.66581000 0.41513553
63.69302000 0.41787553
63.72023000 0.42030424
63.74744000 0.42239466
63.77465000 0.42412394
63.80186000 0.42557457
63.82908000 0.42693263
63.85629000 0.42830282
63.88350000 0.42957860
63.91071000 0.43054748
63.93792000 0.43110996
63.96513000 0.43138662
63.99235000 0.43153697
64.01956000 0.43156606
64.04677000 0.43123946
64.07398000 0.43015680
64.10120000 0.42794803
64.12841000 0.42453417
64.15561000 0.42032841
64.18283000 0.41611668
64.21004000 0.41260043
64.23725000 0.40998423
64.26446000 0.40799701
64.29167000 0.40624523
64.31889000 0.40449220
64.34610000 0.40271872
64.37331000 0.40096980
64.40052000 0.39927298
64.42773000 0.39761579
64.45495000 0.39599892
64.48215000 0.39449868
64.50936000 0.39326733
64.53658000 0.39243057
64.56379000 0.39205927
64.59100000 0.39214802
64.61822000 0.39258817
64.64543000 0.39309123
64.67264000 0.39322722
64.69984000 0.39266753
64.72706000 0.39142102
64.75427000 0.38979250
64.78148000 0.38818043
64.80870000 0.38688564
64.83591000 0.38600975
64.86312000 0.38543814
64.89033000 0.38495001
64.91754000 0.38435510
64.94475000 0.38361558
64.97197000 0.38275787
64.99918000 0.38175628
65.02639000 0.38049990
65.05360000 0.37888169
65.08081000 0.37690443
65.10802000 0.37471747
65.13523000 0.37254772
65.16245000 0.37060487
65.18966000 0.36900875
65.21687000 0.36775267
65.24408000 0.36669892
65.27129000 0.36563137
65.29850000 0.36436248
65.32571000 0.36283228
65.35293000 0.36110833
65.38014000 0.35929194
65.40735000 0.35741451
65.43456000 0.35546184
65.46177000 0.35348192
65.48898000 0.35164213
65.51620000 0.35015702
65.54341000 0.34914261
65.57062000 0.34855250
65.59783000 0.34823489
65.62505000 0.34803262
65.65226000 0.34783146
65.67946000 0.34753552
65.70668000 0.34700578
65.73389000 0.34606004
65.76110000 0.34455153
65.78831000 0.34246436
65.81552000 0.33994359
65.84273000 0.33723411
65.86995000 0.33458462
65.89716000 0.33219972
65.92437000 0.33022317
65.95158000 0.32874358
65.97879000 0.32777503
66.00600000 0.32724366
66.03321000 0.32700557
66.06043000 0.32691473
66.08764000 0.32688877
66.11485000 0.32691923
66.14207000 0.32702115
66.16928000 0.32719773
66.19649000 0.32746473
66.22370000 0.32788470
66.25091000 0.32854980
66.27812000 0.32952276
66.30533000 0.33076245
66.33255000 0.33209896
66.35976000 0.33329275
66.38697000 0.33416489
66.41418000 0.33469236
66.44139000 0.33497718
66.46860000 0.33511513
66.49582000 0.33510837
66.52303000 0.33491531
66.55023000 0.33454373
66.57745000 0.33407566
66.60466000 0.33360839
66.63187000 0.33319235
66.65908000 0.33282036
66.68630000 0.33246729
66.71351000 0.33213103
66.74072000 0.33185714
66.76793000 0.33171830
66.79514000 0.33175546
66.82235000 0.33192652
66.84957000 0.33211917
66.87678000 0.33221951
66.90399000 0.33216491
66.93120000 0.33193490
66.95841000 0.33150467
66.98562000 0.33084944
67.01283000 0.33000934
67.04005000 0.32913947
67.06726000 0.32843646
67.09447000 0.32800665
67.12168000 0.32780379
67.14889000 0.32768857
67.17610000 0.32753664
67.20331000 0.32730806
67.23053000 0.32705465
67.25774000 0.32689375
67.28495000 0.32695356
67.31216000 0.32733151
67.33937000 0.32808912
67.36658000 0.32927945
67.39380000 0.33094570
67.42101000 0.33309042
67.44822000 0.33563274
67.47544000 0.33837941
67.50264000 0.34102091
67.52985000 0.34316397
67.55706000 0.34442067
67.58428000 0.34452522
67.61149000 0.34344360
67.63870000 0.34141606
67.66592000 0.33889624
67.69313000 0.33639929
67.72034000 0.33433780
67.74755000 0.33293134
67.77476000 0.33220440
67.80197000 0.33204609
67.82918000 0.33230376
67.85639000 0.33287209
67.88361000 0.33371848
67.91082000 0.33483803
67.93803000 0.33620250
67.96524000 0.33771119
67.99245000 0.33916560
68.01967000 0.34027424
68.04687000 0.34076539
68.07408000 0.34056610
68.10129000 0.33985925
68.12851000 0.33892989
68.15572000 0.33794978
68.18293000 0.33691365
68.21015000 0.33574229
68.23736000 0.33442858
68.26457000 0.33307311
68.29178000 0.33180094
68.31899000 0.33067301
68.34620000 0.32967004
68.37342000 0.32876554
68.40063000 0.32798347
68.42784000 0.32737827
68.45505000 0.32695922
68.48226000 0.32664031
68.50947000 0.32627982
68.53668000 0.32576361
68.56390000 0.32505727
68.59111000 0.32417291
68.61832000 0.32310042
68.64553000 0.32177624
68.67274000 0.32015562
68.69995000 0.31829476
68.72716000 0.31635785
68.75438000 0.31453359
68.78159000 0.31294328
68.80880000 0.31162521
68.83601000 0.31056026
68.86322000 0.30969822
68.89043000 0.30898252
68.91765000 0.30838388
68.94486000 0.30792990
68.97207000 0.30769786
68.99929000 0.30776519
69.02649000 0.30811808
69.05370000 0.30860525
69.08091000 0.30899444
69.10813000 0.30912685
69.13534000 0.30902451
69.16255000 0.30885035
69.18977000 0.30878955
69.21698000 0.30895805
69.24419000 0.30939394
69.27140000 0.31007537
69.29861000 0.31094274
69.32582000 0.31191534
69.35303000 0.31291786
69.38024000 0.31390008
69.40745000 0.31483945
69.43466000 0.31574914
69.46188000 0.31665656
69.48909000 0.31759152
69.51630000 0.31855872
69.54352000 0.31953999
69.57072000 0.32050788
69.59793000 0.32145396
69.62515000 0.32241726
69.65236000 0.32347184
69.67957000 0.32467976
69.70678000 0.32604724
69.73400000 0.32754153
69.76121000 0.32913008
69.78842000 0.33079088
69.81563000 0.33252117
69.84284000 0.33433408
69.87005000 0.33625701
69.89727000 0.33828121
69.92448000 0.34032211
69.95169000 0.34223664
69.97890000 0.34391236
70.00611000 0.34534597
70.03332000 0.34664658
70.06053000 0.34797335
70.08775000 0.34946150
70.11496000 0.35118860
70.14217000 0.35318750
70.16938000 0.35548222
70.19659000 0.35810155
70.22380000 0.36109141
70.25102000 0.36450595
70.27823000 0.36837900
70.30544000 0.37265363
70.33265000 0.37708059
70.35986000 0.38125172
70.38707000 0.38472831
70.41428000 0.38717228
70.44150000 0.38839382
70.46871000 0.38838723
70.49592000 0.38740674
70.52314000 0.38595301
70.55034000 0.38457859
70.57755000 0.38364795
70.60476000 0.38328096
70.63198000 0.38341543
70.65919000 0.38386634
70.68640000 0.38437706
70.71361000 0.38469854
70.74082000 0.38473514
70.76804000 0.38459733
70.79525000 0.38452578
70.82246000 0.38474566
70.84967000 0.38535264
70.87688000 0.38629070
70.90409000 0.38740012
70.93130000 0.38850948
70.95851000 0.38949955
70.98573000 0.39032626
71.01294000 0.39101666
71.04015000 0.39164713
71.06737000 0.39230460
71.09457000 0.39304262
71.12178000 0.39386633
71.14900000 0.39477468
71.17621000 0.39581332
71.20342000 0.39708003
71.23063000 0.39865631
71.25785000 0.40053415
71.28506000 0.40258747
71.31227000 0.40466604
71.33948000 0.40669832
71.36669000 0.40873015
71.39390000 0.41081315
71.42112000 0.41282770
71.44833000 0.41445526
71.47554000 0.41536921
71.50275000 0.41549823
71.52996000 0.41510916
71.55717000 0.41458848
71.58438000 0.41413018
71.61160000 0.41362441
71.63880000 0.41278556
71.66601000 0.41133893
71.69323000 0.40917307
71.72044000 0.40634888
71.74765000 0.40306932
71.77487000 0.39957148
71.80208000 0.39600852
71.82929000 0.39244691
71.85650000 0.38896808
71.88371000 0.38582116
71.91092000 0.38338155
71.93813000 0.38192579
71.96535000 0.38143933
71.99256000 0.38167900
72.01977000 0.38240471
72.04698000 0.38355529
72.07419000 0.38519600
72.10140000 0.38728946
72.12862000 0.38948384
72.15583000 0.39109284
72.18304000 0.39138380
72.21025000 0.39003864
72.23746000 0.38735458
72.26467000 0.38409367
72.29188000 0.38110948
72.31910000 0.37906888
72.34631000 0.37835419
72.37352000 0.37907514
72.40073000 0.38107771
72.42794000 0.38389078
72.45515000 0.38676438
72.48236000 0.38884705
72.50958000 0.38949984
72.53679000 0.38857085
72.56400000 0.38636845
72.59122000 0.38340145
72.61842000 0.38004026
72.64563000 0.37648556
72.67285000 0.37295592
72.70006000 0.36981145
72.72727000 0.36729139
72.75449000 0.36517182
72.78170000 0.36287481
72.80890000 0.35988486
72.83612000 0.35610297
72.86333000 0.35178605
72.89054000 0.34725910
72.91775000 0.34274885
72.94496000 0.33847108
72.97218000 0.33484069
72.99939000 0.33242133
73.02660000 0.33161363
73.05381000 0.33225739
73.08102000 0.33358738
73.10823000 0.33461758
73.13545000 0.33464006
73.16265000 0.33349714
73.18987000 0.33145776
73.21708000 0.32890621
73.24429000 0.32612589
73.27150000 0.32329795
73.29872000 0.32057405
73.32592000 0.31810641
73.35314000 0.31600913
73.38035000 0.31432861
73.40757000 0.31305861
73.43477000 0.31216091
73.46198000 0.31158623
73.48920000 0.31126559
73.51641000 0.31111243
73.54362000 0.31108370
73.57083000 0.31126624
73.59804000 0.31189999
73.62525000 0.31319723
73.65247000 0.31504777
73.67968000 0.31689033
73.70689000 0.31797171
73.73410000 0.31783491
73.76131000 0.31662199
73.78852000 0.31493139
73.81573000 0.31340015
73.84295000 0.31241769
73.87016000 0.31209338
73.89736000 0.31239840
73.92459000 0.31329820
73.95179000 0.31479537
73.97900000 0.31690404
74.00622000 0.31962168
74.03343000 0.32290378
74.06064000 0.32660842
74.08785000 0.33044139
74.11506000 0.33404380
74.14228000 0.33728179
74.16948000 0.34040499
74.19670000 0.34379736
74.22391000 0.34754413
74.25112000 0.35127589
74.27834000 0.35445073
74.30555000 0.35675764
74.33275000 0.35824496
74.35997000 0.35921288
74.38718000 0.36001602
74.41439000 0.36081865
74.44160000 0.36141807
74.46881000 0.36134890
74.49603000 0.36031675
74.52323000 0.35861471
74.55045000 0.35695857
74.57766000 0.35584593
74.60487000 0.35512468
74.63208000 0.35422471
74.65930000 0.35275573
74.68650000 0.35086077
74.71372000 0.34899127
74.74093000 0.34750110
74.76814000 0.34644693
74.79535000 0.34566441
74.82257000 0.34496430
74.84977000 0.34424418
74.87699000 0.34348172
74.90420000 0.34270453
74.93141000 0.34193030
74.95862000 0.34114265
74.98583000 0.34032249
75.01305000 0.33952370
75.04026000 0.33886385
75.06746000 0.33842626
75.09468000 0.33816227
75.12189000 0.33794311
75.14910000 0.33770481
75.17632000 0.33753207
75.20352000 0.33760303
75.23074000 0.33811373
75.25795000 0.33920929
75.28516000 0.34093028
75.31237000 0.34312862
75.33958000 0.34545285
75.36680000 0.34740704
75.39401000 0.34851262
75.42121000 0.34841752
75.44844000 0.34695932
75.47564000 0.34423122
75.50285000 0.34066248
75.53007000 0.33699340
75.55728000 0.33404323
75.58449000 0.33232647
75.61170000 0.33185253
75.63891000 0.33226177
75.66613000 0.33317414
75.69333000 0.33440220
75.72055000 0.33595228
75.74776000 0.33788168
75.77497000 0.34022769
75.80218000 0.34300140
75.82939000 0.34618837
75.85660000 0.34974498
75.88382000 0.35360402
75.91103000 0.35768771
75.93824000 0.36188775
75.96545000 0.36606556
75.99266000 0.37011671
76.01988000 0.37402245
76.04708000 0.37778255
76.07430000 0.38127205
76.10151000 0.38424620
76.12872000 0.38653812
76.15593000 0.38823226
76.18315000 0.38957816
76.21035000 0.39079627
76.23757000 0.39197996
76.26478000 0.39312407
76.29199000 0.39407396
76.31920000 0.39441159
76.34642000 0.39354038
76.37362000 0.39107466
76.40084000 0.38719684
76.42805000 0.38254589
76.45526000 0.37771407
76.48247000 0.37290174
76.50968000 0.36805624
76.53690000 0.36322865
76.56411000 0.35865402
76.59131000 0.35456041
76.61853000 0.35098255
76.64574000 0.34779206
76.67295000 0.34481812
76.70017000 0.34195438
76.72737000 0.33921093
76.75459000 0.33671477
76.78180000 0.33465585
76.80901000 0.33318186
76.83622000 0.33232209
76.86343000 0.33198473
76.89065000 0.33202016
76.91786000 0.33229810
76.94506000 0.33276957
76.97229000 0.33350018
76.99949000 0.33461490
77.02670000 0.33618703
77.05392000 0.33811522
77.08113000 0.34013572
77.10834000 0.34194371
77.13555000 0.34330419
77.16276000 0.34408194
77.18997000 0.34426072
77.21718000 0.34398314
77.24440000 0.34351787
77.27161000 0.34314418
77.29882000 0.34304228
77.32603000 0.34327719
77.35324000 0.34386894
77.38045000 0.34481385
77.40767000 0.34608167
77.43488000 0.34762764
77.46208000 0.34939441
77.48930000 0.35126981
77.51651000 0.35307363
77.54373000 0.35462958
77.57093000 0.35588616
77.59815000 0.35695720
77.62536000 0.35801959
77.65257000 0.35919461
77.67978000 0.36051202
77.70700000 0.36191940
77.73420000 0.36328387
77.76142000 0.36441648
77.78863000 0.36511943
77.81584000 0.36527845
77.84305000 0.36490208
77.87027000 0.36410615
77.89747000 0.36309063
77.92469000 0.36209145
77.95190000 0.36132997
77.97911000 0.36094636
78.00632000 0.36094171
78.03353000 0.36116716
78.06075000 0.36141196
78.08795000 0.36155161
78.11516000 0.36160731
78.14238000 0.36168566
78.16959000 0.36187628
78.19680000 0.36224452
78.22402000 0.36285436
78.25122000 0.36373824
78.27844000 0.36482432
78.30565000 0.36590740
78.33286000 0.36671528
78.36007000 0.36701262
78.38728000 0.36669236
78.41449000 0.36581576
78.44171000 0.36459285
78.46891000 0.36327946
78.49613000 0.36204883
78.52334000 0.36094359
78.55055000 0.35994816
78.57777000 0.35909557
78.60498000 0.35845742
78.63219000 0.35806996
78.65940000 0.35788667
78.68661000 0.35782057
78.71382000 0.35776964
78.74103000 0.35759994
78.76824000 0.35717347
78.79546000 0.35645080
78.82267000 0.35557222
78.84988000 0.35475537
78.87709000 0.35411236
78.90430000 0.35357118
78.93152000 0.35298982
78.95873000 0.35234445
78.98593000 0.35176554
79.01315000 0.35142836
79.04036000 0.35142142
79.06758000 0.35171390
79.09478000 0.35220641
79.12200000 0.35279819
79.14921000 0.35343757
79.17642000 0.35412925
79.20363000 0.35491204
79.23085000 0.35580131
79.25805000 0.35677275
79.28527000 0.35778192
79.31248000 0.35881174
79.33969000 0.35991514
79.36690000 0.36123893
79.39411000 0.36298341
79.42132000 0.36532098
79.44854000 0.36827251
79.47575000 0.37168500
79.50296000 0.37525475
79.53017000 0.37854499
79.55738000 0.38099003
79.58460000 0.38195276
79.61180000 0.38094133
79.63901000 0.37788752
79.66623000 0.37325051
79.69344000 0.36784440
79.72065000 0.36245793
79.74787000 0.35758093
79.77507000 0.35338089
79.80229000 0.34987566
79.82950000 0.34702653
79.85671000 0.34473196
79.88392000 0.34279448
79.91114000 0.34098786
79.93834000 0.33919758
79.96556000 0.33748892
79.99276000 0.33604127
80.01998000 0.33502874
80.04719000 0.33454606
80.07440000 0.33462587
80.10162000 0.33528528
80.12883000 0.33650911
80.15604000 0.33819005
80.18325000 0.34010872
80.21046000 0.34203574
80.23767000 0.34385097
80.26488000 0.34558398
80.29209000 0.34734273
80.31931000 0.34920612
80.34651000 0.35118344
80.37373000 0.35321167
80.40094000 0.35520330
80.42815000 0.35712695
80.45537000 0.35905671
80.48258000 0.36116874
80.50978000 0.36367363
80.53701000 0.36673486
80.56421000 0.37041053
80.59143000 0.37462312
80.61863000 0.37916717
80.64585000 0.38378662
80.67306000 0.38827631
80.70027000 0.39256001
80.72748000 0.39662257
80.75470000 0.40032995
80.78190000 0.40333915
80.80912000 0.40529478
80.83633000 0.40613937
80.86354000 0.40624571
80.89075000 0.40622658
80.91796000 0.40659481
80.94517000 0.40757862
80.97238000 0.40904558
80.99960000 0.41053817
81.02681000 0.41147652
81.05402000 0.41145018
81.08123000 0.41045403
81.10845000 0.40883094
81.13565000 0.40701574
81.16287000 0.40519202
81.19008000 0.40312922
81.21729000 0.40026703
81.24450000 0.39609945
81.27172000 0.39062932
81.29892000 0.38445231
81.32614000 0.37838915
81.35335000 0.37301689
81.38056000 0.36851361
81.40777000 0.36482880
81.43499000 0.36187601
81.46219000 0.35960525
81.48941000 0.35794762
81.51661000 0.35682091
81.54383000 0.35616496
81.57104000 0.35596314
81.59825000 0.35620064
81.62547000 0.35680526
81.65267000 0.35765243
81.67989000 0.35863018
81.70710000 0.35965490
81.73431000 0.36059794
81.76152000 0.36123118
81.78874000 0.36132202
81.81594000 0.36082178
81.84316000 0.35992983
81.87036000 0.35896578
81.89758000 0.35817620
81.92479000 0.35767671
81.95200000 0.35751578
81.97922000 0.35771161
82.00643000 0.35819566
82.03363000 0.35875899
82.06086000 0.35912716
82.08806000 0.35913461
82.11528000 0.35883093
82.14248000 0.35843104
82.16970000 0.35818505
82.19691000 0.35829031
82.22412000 0.35885659
82.25133000 0.35990191
82.27854000 0.36134502
82.30575000 0.36302447
82.33297000 0.36477441
82.36018000 0.36652553
82.38739000 0.36837810
82.41461000 0.37057424
82.44181000 0.37338388
82.46902000 0.37696859
82.49623000 0.38127026
82.52345000 0.38591433
82.55065000 0.39022958
82.57787000 0.39349258
82.60508000 0.39529637
82.63230000 0.39572343
82.65950000 0.39515176
82.68672000 0.39391005
82.71393000 0.39214891
82.74114000 0.38992986
82.76835000 0.38734779
82.79557000 0.38454312
82.82277000 0.38167641
82.84999000 0.37888968
82.87720000 0.37627178
82.90441000 0.37383103
82.93162000 0.37154010
82.95883000 0.36941451
82.98604000 0.36749798
83.01326000 0.36575568
83.04047000 0.36402532
83.06768000 0.36211380
83.09489000 0.35995218
83.12210000 0.35763291
83.14932000 0.35533792
83.17652000 0.35324332
83.20374000 0.35147765
83.23095000 0.35010320
83.25816000 0.34913826
83.28537000 0.34855190
83.31259000 0.34820622
83.33979000 0.34781224
83.36701000 0.34700277
83.39421000 0.34557039
83.42143000 0.34362552
83.44864000 0.34148401
83.47585000 0.33938369
83.50307000 0.33732405
83.53028000 0.33517149
83.55748000 0.33288574
83.58470000 0.33064476
83.61191000 0.32874951
83.63913000 0.32747787
83.66633000 0.32695007
83.69355000 0.32707006
83.72076000 0.32756981
83.74797000 0.32812449
83.77518000 0.32851601
83.80239000 0.32868019
83.82960000 0.32861292
83.85681000 0.32828817
83.88403000 0.32768524
83.91124000 0.32686275
83.93846000 0.32588977
83.96566000 0.32470986
83.99287000 0.32306597
84.02008000 0.32064137
84.04730000 0.31728822
84.07450000 0.31318012
84.10172000 0.30879021
84.12893000 0.30468860
84.15615000 0.30129623
84.18335000 0.29875839
84.21057000 0.29700023
84.23778000 0.29587364
84.26499000 0.29524526
84.29220000 0.29502767
84.31942000 0.29515335
84.34662000 0.29556894
84.37384000 0.29622313
84.40105000 0.29707631
84.42826000 0.29813018
84.45547000 0.29945111
84.48268000 0.30114943
84.50989000 0.30330536
84.53710000 0.30587664
84.56432000 0.30868688
84.59153000 0.31152019
84.61874000 0.31425402
84.64595000 0.31690198
84.67317000 0.31955472
84.70037000 0.32230198
84.72759000 0.32523018
84.75480000 0.32841676
84.78201000 0.33187383
84.80922000 0.33547327
84.83644000 0.33895308
84.86364000 0.34205484
84.89086000 0.34466735
84.91806000 0.34682363
84.94528000 0.34854287
84.97249000 0.34967479
84.99970000 0.34994110
85.02692000 0.34913120
85.05413000 0.34727454
85.08133000 0.34461078
85.10855000 0.34145039
85.13576000 0.33804858
85.16297000 0.33459675
85.19019000 0.33129308
85.21740000 0.32839444
85.24461000 0.32620236
85.27182000 0.32494906
85.29903000 0.32466561
85.32624000 0.32514197
85.35345000 0.32600847
85.38066000 0.32690760
85.40788000 0.32763967
85.43508000 0.32820740
85.46231000 0.32872939
85.48951000 0.32930079
85.51672000 0.32990491
85.54393000 0.33045021
85.57115000 0.33087790
85.59835000 0.33121574
85.62557000 0.33153424
85.65278000 0.33186811
85.68000000 0.33218291
85.70720000 0.33242995
85.73442000 0.33262497
85.76163000 0.33288729
85.78884000 0.33339638
85.81605000 0.33432359
85.84326000 0.33578256
85.87047000 0.33782396
85.89769000 0.34040710
85.92490000 0.34331119
85.95211000 0.34606728
85.97932000 0.34810823
86.00653000 0.34911150
86.03374000 0.34926549
86.06095000 0.34912443
86.08817000 0.34918979
86.11538000 0.34962037
86.14259000 0.35029870
86.16980000 0.35105059
86.19702000 0.35178110
86.22422000 0.35249713
86.25144000 0.35331392
86.27865000 0.35440058
86.30586000 0.35584989
86.33307000 0.35757482
86.36029000 0.35936084
86.38749000 0.36100844
86.41471000 0.36248243
86.44192000 0.36391133
86.46913000 0.36545059
86.49634000 0.36708578
86.52355000 0.36856809
86.55077000 0.36959550
86.57798000 0.37008023
86.60518000 0.37023219
86.63240000 0.37040606
86.65961000 0.37088531
86.68682000 0.37177134
86.71404000 0.37297168
86.74124000 0.37422159
86.76846000 0.37515110
86.79566000 0.37545332
86.82288000 0.37507787
86.85009000 0.37428203
86.87730000 0.37344736
86.90451000 0.37282467
86.93173000 0.37243173
86.95893000 0.37211788
86.98616000 0.37166682
87.01336000 0.37086654
87.04057000 0.36957186
87.06779000 0.36776030
87.09500000 0.36556074
87.12220000 0.36322156
87.14942000 0.36106607
87.17663000 0.35941625
87.20385000 0.35847807
87.23105000 0.35827565
87.25827000 0.35867953
87.28548000 0.35949621
87.31269000 0.36053720
87.33990000 0.36163056
87.36711000 0.36259571
87.39432000 0.36324450
87.42153000 0.36346525
87.44875000 0.36329103
87.47596000 0.36290246
87.50317000 0.36252579
87.53038000 0.36233455
87.55759000 0.36242929
87.58480000 0.36283195
87.61202000 0.36345664
87.63923000 0.36412859
87.66644000 0.36466986
87.69365000 0.36497015
87.72087000 0.36497962
87.74807000 0.36465010
87.77528000 0.36391014
87.80250000 0.36271498
87.82971000 0.36115518
87.85692000 0.35954851
87.88414000 0.35844842
87.91134000 0.35842082
87.93856000 0.35966250
87.96577000 0.36176476
87.99298000 0.36387819
88.02019000 0.36523136
88.04740000 0.36553693
88.07462000 0.36495793
88.10182000 0.36377442
88.12903000 0.36214831
88.15625000 0.36016715
88.18346000 0.35796827
88.21067000 0.35575458
88.23789000 0.35369402
88.26509000 0.35188326
88.29231000 0.35038319
88.31952000 0.34926394
88.34673000 0.34859744
88.37394000 0.34840986
88.40115000 0.34867004
88.42836000 0.34929454
88.45558000 0.35015154
88.48278000 0.35105920
88.51000000 0.35181144
88.53721000 0.35224587
88.56442000 0.35230196
88.59164000 0.35201210
88.61885000 0.35144278
88.64605000 0.35065547
88.67327000 0.34971479
88.70048000 0.34871095
88.72769000 0.34774071
88.75490000 0.34685954
88.78212000 0.34606013
88.80933000 0.34530589
88.83654000 0.34459081
88.86375000 0.34396160
88.89096000 0.34348997
88.91817000 0.34321755
88.94538000 0.34312657
88.97260000 0.34315383
88.99980000 0.34322745
89.02702000 0.34329712
89.05423000 0.34333867
89.08144000 0.34334564
89.10865000 0.34332511
89.13587000 0.34330875
89.16308000 0.34337166
89.19029000 0.34364170
89.21750000 0.34431544
89.24472000 0.34558553
89.27192000 0.34747848
89.29913000 0.34970433
89.32635000 0.35172418
89.35356000 0.35306737
89.38077000 0.35362792
89.40798000 0.35366574
89.43519000 0.35356238
89.46241000 0.35358831
89.48962000 0.35384312
89.51683000 0.35428643
89.54404000 0.35476503
89.57125000 0.35502607
89.59847000 0.35480264
89.62567000 0.35394353
89.65288000 0.35249174
89.68010000 0.35060322
89.70731000 0.34837496
89.73452000 0.34576198
89.76174000 0.34265670
89.78894000 0.33904213
89.81616000 0.33505583
89.84337000 0.33090523
89.87058000 0.32676554
89.89779000 0.32274875
89.92500000 0.31890133
89.95221000 0.31522006
89.97943000 0.31169221
90.00663000 0.30837065
90.03385000 0.30540681
90.06106000 0.30296710
90.08827000 0.30110857
90.11549000 0.29975659
90.14270000 0.29878753
90.16990000 0.29812214
90.19712000 0.29774201
90.22433000 0.29766101
90.25154000 0.29789484
90.27875000 0.29847765
90.30596000 0.29947212
90.33318000 0.30092418
90.36039000 0.30276284
90.38760000 0.30474812
90.41481000 0.30656543
90.44202000 0.30802181
90.46923000 0.30915999
90.49645000 0.31016818
90.52365000 0.31118426
90.55087000 0.31219465
90.57808000 0.31310812
90.60529000 0.31390059
90.63250000 0.31466919
90.65972000 0.31554377
90.68693000 0.31661239
90.71414000 0.31784087
90.74135000 0.31903267
90.76857000 0.31985113
90.79577000 0.31999838
90.82299000 0.31947896
90.85020000 0.31867990
90.87741000 0.31810805
90.90462000 0.31803107
90.93183000 0.31833053
90.95904000 0.31868318
90.98625000 0.31887653
91.01347000 0.31899318
91.04068000 0.31927562
91.06789000 0.31988516
91.09510000 0.32073143
91.12231000 0.32155058
91.14952000 0.32207733
91.17673000 0.32215652
91.20395000 0.32177651
91.23116000 0.32107192
91.25836000 0.32028323
91.28559000 0.31969953
91.31279000 0.31957480
91.34001000 0.32011351
91.36722000 0.32146135
91.39443000 0.32368937
91.42164000 0.32673728
91.44886000 0.33038098
91.47606000 0.33427134
91.50328000 0.33803183
91.53048000 0.34131494
91.55770000 0.34382895
91.58491000 0.34541473
91.61212000 0.34615114
91.63934000 0.34636888
91.66655000 0.34650618
91.69375000 0.34687880
91.72097000 0.34760660
91.74818000 0.34867594
91.77539000 0.35002825
91.80260000 0.35157892
91.82981000 0.35322803
91.85703000 0.35483304
91.88423000 0.35624295
91.91145000 0.35731786
91.93866000 0.35794967
91.96587000 0.35806209
91.99308000 0.35758403
92.02030000 0.35649481
92.04750000 0.35493207
92.07472000 0.35318914
92.10193000 0.35154393
92.12914000 0.35010678
92.15635000 0.34883499
92.18357000 0.34765112
92.21078000 0.34655973
92.23799000 0.34560999
92.26520000 0.34483409
92.29241000 0.34420857
92.31962000 0.34368259
92.34684000 0.34323665
92.37405000 0.34293750
92.40126000 0.34288588
92.42847000 0.34308285
92.45568000 0.34331873
92.48289000 0.34323591
92.51010000 0.34258878
92.53732000 0.34146267
92.56452000 0.34021348
92.59174000 0.33919606
92.61895000 0.33855334
92.64616000 0.33821309
92.67337000 0.33803156
92.70058000 0.33789539
92.72780000 0.33771747
92.75501000 0.33743468
92.78221000 0.33701709
92.80944000 0.33653036
92.83664000 0.33610380
92.86386000 0.33584803
92.89107000 0.33578986
92.91828000 0.33591855
92.94549000 0.33625659
92.97271000 0.33684054
92.99991000 0.33762100
93.02713000 0.33842328
93.05433000 0.33904463
93.08155000 0.33936450
93.10876000 0.33937219
93.13597000 0.33913401
93.16319000 0.33873633
93.19039000 0.33828342
93.21760000 0.33786911
93.24482000 0.33756545
93.27203000 0.33740699
93.29924000 0.33739072
93.32645000 0.33747768
93.35366000 0.33759695
93.38088000 0.33765197
93.40808000 0.33754081
93.43530000 0.33719522
93.46251000 0.33662462
93.48972000 0.33593312
93.51693000 0.33528662
93.54415000 0.33483392
93.57135000 0.33463868
93.59857000 0.33466423
93.62578000 0.33481598
93.65299000 0.33500043
93.68020000 0.33515862
93.70742000 0.33526748
93.73463000 0.33532384
93.76184000 0.33532843
93.78905000 0.33527321
93.81626000 0.33513981
93.84347000 0.33490866
93.87068000 0.33457196
93.89790000 0.33413932
93.92511000 0.33363658
93.95232000 0.33310041
93.97953000 0.33257496
94.00674000 0.33210897
94.03395000 0.33174053
94.06117000 0.33147383
94.08837000 0.33126551
94.11559000 0.33104655
94.14280000 0.33077341
94.17001000 0.33046466
94.19722000 0.33019030
94.22444000 0.33002481
94.25165000 0.33000845
94.27886000 0.33014628
94.30606000 0.33043474
94.33329000 0.33088166
94.36049000 0.33149180
94.38771000 0.33223787
94.41492000 0.33304775
94.44213000 0.33381858
94.46934000 0.33443299
94.49655000 0.33477679
94.52376000 0.33476800
94.55098000 0.33439481
94.57818000 0.33372036
94.60540000 0.33283725
94.63261000 0.33181554
94.65982000 0.33070016
94.68704000 0.32955140
94.71424000 0.32847825
94.74145000 0.32762694
94.76867000 0.32713872
94.79588000 0.32709530
94.82309000 0.32750463
94.85031000 0.32828388
94.87751000 0.32922924
94.90473000 0.33001724
94.93193000 0.33030137
94.95915000 0.32993433
94.98636000 0.32913232
95.01357000 0.32836595
95.04078000 0.32804430
95.06800000 0.32826537
95.09520000 0.32886168
95.12242000 0.32963243
95.14963000 0.33051530
95.17684000 0.33154321
95.20405000 0.33274028
95.23127000 0.33407989
95.25847000 0.33553192
95.28569000 0.33713928
95.31290000 0.33902070
95.34011000 0.34128079
95.36732000 0.34390068
95.39453000 0.34669459
95.42175000 0.34941128
95.44895000 0.35189113
95.47617000 0.35414338
95.50338000 0.35622972
95.53059000 0.35809222
95.55780000 0.35951400
95.58502000 0.36027959
95.61222000 0.36034501
95.63944000 0.35983449
95.66665000 0.35890505
95.69386000 0.35767001
95.72107000 0.35623103
95.74829000 0.35472819
95.77550000 0.35331634
95.80271000 0.35210881
95.82991000 0.35114720
95.85714000 0.35042027
95.88434000 0.34989402
95.91156000 0.34954181
95.93877000 0.34934863
95.96598000 0.34928638
95.99319000 0.34927088
96.02040000 0.34915084
96.04761000 0.34876290
96.07482000 0.34801760
96.10204000 0.34694558
96.12924000 0.34565741
96.15646000 0.34426007
96.18367000 0.34280670
96.21089000 0.34130752
96.23809000 0.33976787
96.26530000 0.33821726
96.29252000 0.33671618
96.31973000 0.33534020
96.34694000 0.33414656
96.37416000 0.33314410
96.40136000 0.33229077
96.42858000 0.33152556
96.45578000 0.33080950
96.48300000 0.33014503
96.51021000 0.32956451
96.53742000 0.32910216
96.56463000 0.32877067
96.59185000 0.32855511
96.61905000 0.32842034
96.64627000 0.32832572
96.67348000 0.32824659
96.70069000 0.32819310
96.72791000 0.32820648
96.75511000 0.32833704
96.78232000 0.32861149
96.80954000 0.32904547
96.83675000 0.32969970
96.86396000 0.33068439
96.89117000 0.33209586
96.91838000 0.33388001
96.94560000 0.33580118
96.97280000 0.33750862
97.00002000 0.33862406
97.02723000 0.33880413
97.05444000 0.33784768
97.08165000 0.33582792
97.10887000 0.33311057
97.13607000 0.33017465
97.16329000 0.32736593
97.19050000 0.32480943
97.21771000 0.32250598
97.24492000 0.32043448
97.27214000 0.31861067
97.29935000 0.31705055
97.32656000 0.31573841
97.35377000 0.31460828
97.38098000 0.31355774
97.40819000 0.31247845
97.43540000 0.31129086
97.46262000 0.30997521
97.48983000 0.30859423
97.51704000 0.30727723
97.54425000 0.30615667
97.57146000 0.30529782
97.59867000 0.30467683
97.62589000 0.30420691
97.65309000 0.30378580
97.68031000 0.30332726
97.70751000 0.30277592
97.73474000 0.30211571
97.76194000 0.30137834
97.78915000 0.30066630
97.81637000 0.30014896
97.84358000 0.29999310
97.87078000 0.30028430
97.89801000 0.30099508
97.92521000 0.30202299
97.95243000 0.30324674
97.97964000 0.30454916
98.00685000 0.30582622
98.03406000 0.30698591
98.06127000 0.30793160
98.08848000 0.30856282
98.11570000 0.30882797
98.14290000 0.30877644
98.17012000 0.30852658
98.19733000 0.30817196
98.22454000 0.30771536
98.25176000 0.30711299
98.27896000 0.30636337
98.30617000 0.30552903
98.33338000 0.30468851
98.36060000 0.30389366
98.38781000 0.30317369
98.41502000 0.30258891
98.44223000 0.30223784
98.46945000 0.30220625
98.49665000 0.30249643
98.52387000 0.30302513
98.55108000 0.30370307
98.57829000 0.30450580
98.60550000 0.30545536
98.63272000 0.30652362
98.65992000 0.30759051
98.68714000 0.30849752
98.71435000 0.30915463
98.74156000 0.30960578
98.76877000 0.30996677
98.79599000 0.31030470
98.82320000 0.31057456
98.85041000 0.31069386
98.87762000 0.31067854
98.90483000 0.31070545
98.93204000 0.31104502
98.95925000 0.31191918
98.98647000 0.31342134
99.01367000 0.31553152
99.04089000 0.31818631
99.06810000 0.32132825
99.09531000 0.32491437
99.12252000 0.32885477
99.14974000 0.33295098
99.17694000 0.33689076
99.20416000 0.34036988
99.23137000 0.34324700
99.25859000 0.34558317
99.28579000 0.34753135
99.31300000 0.34921080
99.34022000 0.35066697
99.36743000 0.35190061
99.39463000 0.35290307
99.42186000 0.35368100
99.44906000 0.35426846
99.47628000 0.35472375
99.50349000 0.35508740
99.53070000 0.35535970
99.55791000 0.35551149
99.58512000 0.35552648
99.61233000 0.35544258
99.63954000 0.35536501
99.66675000 0.35542825
99.69397000 0.35572857
99.72118000 0.35628536
99.74839000 0.35707071
99.77561000 0.35807812
99.80281000 0.35933515
99.83002000 0.36083296
99.85723000 0.36244044
99.88445000 0.36392447
99.91166000 0.36510360
99.93887000 0.36599937
99.96608000 0.36681241
99.99330000 0.36769095
100.02050000 0.36849618
100.04772000 0.36882016
100.07493000 0.36825141
100.10214000 0.36674592
100.12935000 0.36466643
100.15657000 0.36244139
100.18377000 0.36018202
100.21099000 0.35769987
100.23820000 0.35490349
100.26541000 0.35206616
100.29262000 0.34962702
100.31983000 0.34784627
100.34705000 0.34671766
100.37426000 0.34613174
100.40147000 0.34603184
100.42868000 0.34643647
100.45589000 0.34735003
100.48310000 0.34875798
100.51032000 0.35067061
100.53752000 0.35307977
100.56474000 0.35584354
100.59195000 0.35862124
100.61916000 0.36098942
100.64637000 0.36268991
100.67359000 0.36376378
100.70079000 0.36449829
100.72801000 0.36532015
100.75522000 0.36679563
100.78244000 0.36955750
100.80964000 0.37410641
100.83685000 0.38043216
100.86407000 0.38764843
100.89128000 0.39411238
100.91848000 0.39811459
100.94570000 0.39884570
100.97291000 0.39684561
101.00013000 0.39349994
101.02734000 0.39008293
101.05455000 0.38721496
101.08176000 0.38498002
101.10897000 0.38324344
101.13618000 0.38183126
101.16339000 0.38052201
101.19060000 0.37912872
101.21781000 0.37759870
101.24503000 0.37598673
101.27224000 0.37437505
101.29946000 0.37279674
101.32666000 0.37124392
101.35387000 0.36970910
101.38109000 0.36818716
101.40830000 0.36665308
101.43551000 0.36506733
101.46272000 0.36342376
101.48993000 0.36179399
101.51715000 0.36031947
101.54435000 0.35917473
101.57157000 0.35855237
101.59878000 0.35864636
101.62599000 0.35959768
101.65320000 0.36145514
101.68042000 0.36416665
101.70762000 0.36753947
101.73484000 0.37115732
101.76205000 0.37438339
101.78926000 0.37658224
101.81647000 0.37742469
101.84368000 0.37698719
101.87090000 0.37559944
101.89810000 0.37361497
101.92532000 0.37127593
101.95253000 0.36872038
101.97974000 0.36607364
102.00695000 0.36351997
102.03417000 0.36127758
102.06137000 0.35947689
102.08859000 0.35809442
102.11580000 0.35701838
102.14301000 0.35617453
102.17022000 0.35556963
102.19744000 0.35527581
102.22464000 0.35538274
102.25186000 0.35594302
102.27907000 0.35692236
102.30629000 0.35821328
102.33349000 0.35971746
102.36070000 0.36138886
102.38792000 0.36318383
102.41513000 0.36500818
102.44233000 0.36674705
102.46955000 0.36834055
102.49676000 0.36979601
102.52397000 0.37111786
102.55119000 0.37221435
102.57840000 0.37288326
102.60561000 0.37290797
102.63282000 0.37221509
102.66003000 0.37094876
102.68724000 0.36939257
102.71445000 0.36782032
102.74166000 0.36641505
102.76888000 0.36529720
102.79608000 0.36456212
102.82331000 0.36425850
102.85051000 0.36435512
102.87772000 0.36474255
102.90494000 0.36526975
102.93215000 0.36580530
102.95936000 0.36631089
102.98657000 0.36690539
103.01378000 0.36786398
103.04100000 0.36949247
103.06820000 0.37190703
103.09542000 0.37482697
103.12263000 0.37753013
103.14984000 0.37912443
103.17705000 0.37901041
103.20426000 0.37721196
103.23147000 0.37433541
103.25869000 0.37121052
103.28590000 0.36849770
103.31311000 0.36650592
103.34032000 0.36523634
103.36753000 0.36453834
103.39475000 0.36423311
103.42195000 0.36416012
103.44917000 0.36418098
103.47638000 0.36421499
103.50359000 0.36427486
103.53080000 0.36446294
103.55802000 0.36488250
103.58522000 0.36553180
103.61244000 0.36627120
103.63965000 0.36692360
103.66686000 0.36743164
103.69407000 0.36794218
103.72129000 0.36872816
103.74849000 0.36998951
103.77571000 0.37165824
103.80292000 0.37337205
103.83013000 0.37465081
103.85734000 0.37515122
103.88456000 0.37479287
103.91177000 0.37369880
103.93898000 0.37208307
103.96618000 0.37022626
103.99340000 0.36847427
104.02061000 0.36715460
104.04782000 0.36643264
104.07504000 0.36622700
104.10224000 0.36625153
104.12946000 0.36615241
104.15667000 0.36566177
104.18388000 0.36469924
104.21109000 0.36336851
104.23830000 0.36186522
104.26551000 0.36037609
104.29273000 0.35904130
104.31993000 0.35795957
104.34716000 0.35718083
104.37436000 0.35669175
104.40157000 0.35642442
104.42879000 0.35629460
104.45600000 0.35625908
104.48321000 0.35633165
104.51042000 0.35653782
104.53763000 0.35684702
104.56485000 0.35714865
104.59205000 0.35730734
104.61927000 0.35723609
104.64648000 0.35691676
104.67369000 0.35638773
104.70090000 0.35575667
104.72811000 0.35519952
104.75532000 0.35489339
104.78254000 0.35492894
104.80975000 0.35528097
104.83696000 0.35585082
104.86417000 0.35652083
104.89138000 0.35718742
104.91860000 0.35778776
104.94580000 0.35833374
104.97302000 0.35885102
105.00023000 0.35926980
105.02744000 0.35938978
105.05465000 0.35901797
105.08187000 0.35816267
105.10907000 0.35703844
105.13629000 0.35586214
105.16350000 0.35468888
105.19071000 0.35346031
105.21792000 0.35215342
105.24514000 0.35083774
105.27234000 0.34961855
105.29956000 0.34856609
105.32677000 0.34771633
105.35398000 0.34707335
105.38119000 0.34660512
105.40840000 0.34625560
105.43562000 0.34597048
105.46283000 0.34572417
105.49003000 0.34551224
105.51725000 0.34533483
105.54446000 0.34520674
105.57167000 0.34515572
105.59889000 0.34519902
105.62609000 0.34522834
105.65331000 0.34492660
105.68052000 0.34385079
105.70773000 0.34171090
105.73494000 0.33865151
105.76216000 0.33521679
105.78936000 0.33203065
105.81658000 0.32946742
105.84378000 0.32757443
105.87101000 0.32618606
105.89821000 0.32508311
105.92542000 0.32416061
105.95264000 0.32345539
105.97985000 0.32305181
106.00706000 0.32293952
106.03427000 0.32301575
106.06148000 0.32323393
106.08869000 0.32365441
106.11590000 0.32431164
106.14312000 0.32508647
106.17033000 0.32580465
106.19754000 0.32645732
106.22475000 0.32731682
106.25196000 0.32881159
106.27917000 0.33124962
106.30639000 0.33459532
106.33360000 0.33840686
106.36080000 0.34198776
106.38803000 0.34469929
106.41523000 0.34621471
106.44245000 0.34657413
106.46965000 0.34609216
106.49687000 0.34518844
106.52408000 0.34424853
106.55129000 0.34349382
106.57850000 0.34292832
106.60572000 0.34243003
106.63292000 0.34187832
106.66014000 0.34118897
106.68735000 0.34023121
106.71456000 0.33882061
106.74177000 0.33685550
106.76898000 0.33447269
106.79619000 0.33203575
106.82341000 0.32991254
106.85062000 0.32828620
106.87783000 0.32711518
106.90504000 0.32625237
106.93225000 0.32559559
106.95947000 0.32519907
106.98667000 0.32532272
107.01389000 0.32642013
107.04110000 0.32895637
107.06831000 0.33312669
107.09552000 0.33863312
107.12274000 0.34470442
107.14994000 0.35042301
107.17716000 0.35511428
107.20437000 0.35856047
107.23158000 0.36097446
107.25879000 0.36277694
107.28601000 0.36434230
107.31321000 0.36585680
107.34043000 0.36732489
107.36763000 0.36866906
107.39485000 0.36988235
107.42206000 0.37107888
107.44927000 0.37243044
107.47649000 0.37404075
107.50370000 0.37590453
107.53091000 0.37800896
107.55812000 0.38038978
107.58533000 0.38303030
107.61254000 0.38571873
107.63975000 0.38807550
107.66696000 0.38979113
107.69418000 0.39087293
107.72139000 0.39164928
107.74860000 0.39255524
107.77581000 0.39387706
107.80302000 0.39564124
107.83024000 0.39766911
107.85745000 0.39970228
107.88465000 0.40151122
107.91188000 0.40295851
107.93908000 0.40400395
107.96629000 0.40471482
107.99350000 0.40524739
108.02072000 0.40579060
108.04793000 0.40642378
108.07514000 0.40702152
108.10235000 0.40732163
108.12957000 0.40710756
108.15677000 0.40633637
108.18399000 0.40514657
108.21120000 0.40380099
108.23841000 0.40261266
108.26562000 0.40181556
108.29283000 0.40143615
108.32004000 0.40126023
108.34725000 0.40099376
108.37447000 0.39959094
108.40168000 0.39536408
108.42889000 0.38382238
108.45610000 0.35734332
108.48332000 0.30866724
108.51052000 0.23830213
